timeStamp,elapsed,label,responseCode,responseMessage,threadName,dataType,success,failureMessage,bytes,sentBytes,grpThreads,allThreads,URL,Latency,IdleTime,Connect
1727431628163,486,conf3,200,OK,conf3 3-1,text,true,,231,157,11,33,http://localhost:8083/?token=492552074&user=2129825963&config=3,486,0,5
1727431628165,530,conf3,200,OK,conf3 3-2,text,true,,231,157,11,33,http://localhost:8083/?token=492552074&user=2129825963&config=3,529,0,3
1727431628165,530,conf3,200,OK,conf3 3-3,text,true,,231,157,11,33,http://localhost:8083/?token=492552074&user=2129825963&config=3,530,0,3
1727431628165,531,conf3,200,OK,conf3 3-4,text,true,,231,157,11,33,http://localhost:8083/?token=492552074&user=2129825963&config=3,531,0,3
1727431628165,531,conf3,200,OK,conf3 3-5,text,true,,231,157,11,33,http://localhost:8083/?token=492552074&user=2129825963&config=3,531,0,3
1727431628166,567,conf3,200,OK,conf3 3-7,text,true,,231,157,11,33,http://localhost:8083/?token=492552074&user=2129825963&config=3,567,0,2
1727431628166,570,conf3,200,OK,conf3 3-9,text,true,,231,157,11,33,http://localhost:8083/?token=492552074&user=2129825963&config=3,570,0,2
1727431628167,570,conf3,200,OK,conf3 3-11,text,true,,231,157,11,33,http://localhost:8083/?token=492552074&user=2129825963&config=3,570,0,1
1727431628166,571,conf3,200,OK,conf3 3-8,text,true,,231,157,11,33,http://localhost:8083/?token=492552074&user=2129825963&config=3,571,0,2
1727431628167,570,conf3,200,OK,conf3 3-10,text,true,,231,157,11,33,http://localhost:8083/?token=492552074&user=2129825963&config=3,570,0,1
1727431628166,826,conf3,200,OK,conf3 3-6,text,true,,231,157,11,33,http://localhost:8083/?token=492552074&user=2129825963&config=3,826,0,2
1727431628162,882,conf2,200,OK,conf2 2-1,text,true,,231,157,11,33,http://localhost:8083/?token=492552074&user=2129825963&config=2,882,0,6
1727431628163,890,conf2,200,OK,conf2 2-11,text,true,,231,157,11,33,http://localhost:8083/?token=492552074&user=2129825963&config=2,890,0,4
1727431628163,890,conf2,200,OK,conf2 2-10,text,true,,231,157,11,33,http://localhost:8083/?token=492552074&user=2129825963&config=2,890,0,4
1727431628162,891,conf2,200,OK,conf2 2-6,text,true,,231,157,11,33,http://localhost:8083/?token=492552074&user=2129825963&config=2,891,0,6
1727431628162,891,conf2,200,OK,conf2 2-3,text,true,,231,157,11,33,http://localhost:8083/?token=492552074&user=2129825963&config=2,891,0,5
1727431628162,891,conf2,200,OK,conf2 2-2,text,true,,231,157,11,33,http://localhost:8083/?token=492552074&user=2129825963&config=2,891,0,6
1727431628163,927,conf2,200,OK,conf2 2-9,text,true,,231,157,11,33,http://localhost:8083/?token=492552074&user=2129825963&config=2,927,0,5
1727431628162,928,conf2,200,OK,conf2 2-5,text,true,,231,157,11,33,http://localhost:8083/?token=492552074&user=2129825963&config=2,928,0,6
1727431628162,928,conf2,200,OK,conf2 2-8,text,true,,231,157,11,33,http://localhost:8083/?token=492552074&user=2129825963&config=2,928,0,6
1727431628162,928,conf2,200,OK,conf2 2-4,text,true,,231,157,11,33,http://localhost:8083/?token=492552074&user=2129825963&config=2,928,0,6
1727431628162,929,conf2,200,OK,conf2 2-7,text,true,,231,157,11,33,http://localhost:8083/?token=492552074&user=2129825963&config=2,929,0,6
1727431628160,1332,conf1,200,OK,conf1 1-4,text,false,"The operation lasted too long: It took 1,332 milliseconds, but should not have lasted longer than 930 milliseconds.",231,157,11,33,http://localhost:8083/?token=492552074&user=2129825963&config=1,1332,0,7
1727431628161,1335,conf1,200,OK,conf1 1-10,text,false,"The operation lasted too long: It took 1,335 milliseconds, but should not have lasted longer than 930 milliseconds.",231,157,11,33,http://localhost:8083/?token=492552074&user=2129825963&config=1,1335,0,7
1727431628160,1336,conf1,200,OK,conf1 1-6,text,false,"The operation lasted too long: It took 1,336 milliseconds, but should not have lasted longer than 930 milliseconds.",231,157,11,33,http://localhost:8083/?token=492552074&user=2129825963&config=1,1336,0,7
1727431628161,1336,conf1,200,OK,conf1 1-9,text,false,"The operation lasted too long: It took 1,336 milliseconds, but should not have lasted longer than 930 milliseconds.",231,157,11,33,http://localhost:8083/?token=492552074&user=2129825963&config=1,1336,0,7
1727431628160,1337,conf1,200,OK,conf1 1-7,text,false,"The operation lasted too long: It took 1,337 milliseconds, but should not have lasted longer than 930 milliseconds.",231,157,11,33,http://localhost:8083/?token=492552074&user=2129825963&config=1,1337,0,8
1727431628161,1335,conf1,200,OK,conf1 1-1,text,false,"The operation lasted too long: It took 1,335 milliseconds, but should not have lasted longer than 930 milliseconds.",231,157,11,33,http://localhost:8083/?token=492552074&user=2129825963&config=1,1335,0,6
1727431628160,1376,conf1,200,OK,conf1 1-2,text,false,"The operation lasted too long: It took 1,376 milliseconds, but should not have lasted longer than 930 milliseconds.",231,157,11,33,http://localhost:8083/?token=492552074&user=2129825963&config=1,1376,0,7
1727431628161,1375,conf1,200,OK,conf1 1-11,text,false,"The operation lasted too long: It took 1,375 milliseconds, but should not have lasted longer than 930 milliseconds.",231,157,11,33,http://localhost:8083/?token=492552074&user=2129825963&config=1,1375,0,7
1727431628161,1376,conf1,200,OK,conf1 1-3,text,false,"The operation lasted too long: It took 1,376 milliseconds, but should not have lasted longer than 930 milliseconds.",231,157,11,33,http://localhost:8083/?token=492552074&user=2129825963&config=1,1376,0,7
1727431628160,1377,conf1,200,OK,conf1 1-5,text,false,"The operation lasted too long: It took 1,377 milliseconds, but should not have lasted longer than 930 milliseconds.",231,157,11,33,http://localhost:8083/?token=492552074&user=2129825963&config=1,1377,0,8
1727431628160,1376,conf1,200,OK,conf1 1-8,text,false,"The operation lasted too long: It took 1,376 milliseconds, but should not have lasted longer than 930 milliseconds.",231,157,11,33,http://localhost:8083/?token=492552074&user=2129825963&config=1,1376,0,8
1727431629672,523,conf3,200,OK,conf3 3-11,text,true,,231,157,11,33,http://localhost:8083/?token=492552074&user=2129825963&config=3,523,0,0
1727431629670,525,conf3,200,OK,conf3 3-4,text,true,,231,157,11,33,http://localhost:8083/?token=492552074&user=2129825963&config=3,525,0,0
1727431629670,527,conf3,200,OK,conf3 3-2,text,true,,231,157,11,33,http://localhost:8083/?token=492552074&user=2129825963&config=3,527,0,0
1727431629672,525,conf3,200,OK,conf3 3-5,text,true,,231,157,11,33,http://localhost:8083/?token=492552074&user=2129825963&config=3,525,0,0
1727431629672,525,conf3,200,OK,conf3 3-9,text,true,,231,157,11,33,http://localhost:8083/?token=492552074&user=2129825963&config=3,525,0,0
1727431629671,526,conf3,200,OK,conf3 3-7,text,true,,231,157,11,33,http://localhost:8083/?token=492552074&user=2129825963&config=3,526,0,0
1727431629670,527,conf3,200,OK,conf3 3-1,text,true,,231,157,11,33,http://localhost:8083/?token=492552074&user=2129825963&config=3,527,0,0
1727431629670,564,conf3,200,OK,conf3 3-8,text,true,,231,157,11,33,http://localhost:8083/?token=492552074&user=2129825963&config=3,564,0,0
1727431629672,562,conf3,200,OK,conf3 3-10,text,true,,231,157,11,33,http://localhost:8083/?token=492552074&user=2129825963&config=3,562,0,0
1727431629672,562,conf3,200,OK,conf3 3-6,text,true,,231,157,11,33,http://localhost:8083/?token=492552074&user=2129825963&config=3,562,0,0
1727431629670,733,conf3,200,OK,conf3 3-3,text,true,,231,157,11,33,http://localhost:8083/?token=492552074&user=2129825963&config=3,733,0,0
1727431629663,774,conf2,200,OK,conf2 2-1,text,true,,231,157,11,33,http://localhost:8083/?token=492552074&user=2129825963&config=2,774,0,0
1727431629670,778,conf2,200,OK,conf2 2-3,text,true,,231,157,11,33,http://localhost:8083/?token=492552074&user=2129825963&config=2,778,0,0
1727431629670,778,conf2,200,OK,conf2 2-6,text,true,,231,157,11,33,http://localhost:8083/?token=492552074&user=2129825963&config=2,778,0,0
1727431629670,778,conf2,200,OK,conf2 2-9,text,true,,231,157,11,33,http://localhost:8083/?token=492552074&user=2129825963&config=2,778,0,0
1727431629670,778,conf2,200,OK,conf2 2-2,text,true,,231,157,11,33,http://localhost:8083/?token=492552074&user=2129825963&config=2,778,0,0
1727431629669,779,conf2,200,OK,conf2 2-5,text,true,,231,157,11,33,http://localhost:8083/?token=492552074&user=2129825963&config=2,779,0,0
1727431629669,918,conf2,200,OK,conf2 2-11,text,true,,231,157,11,33,http://localhost:8083/?token=492552074&user=2129825963&config=2,918,0,0
1727431629670,918,conf2,200,OK,conf2 2-10,text,true,,231,157,11,33,http://localhost:8083/?token=492552074&user=2129825963&config=2,918,0,0
1727431629670,918,conf2,200,OK,conf2 2-8,text,true,,231,157,11,33,http://localhost:8083/?token=492552074&user=2129825963&config=2,918,0,0
1727431629670,918,conf2,200,OK,conf2 2-4,text,true,,231,157,11,33,http://localhost:8083/?token=492552074&user=2129825963&config=2,918,0,0
1727431629670,919,conf2,200,OK,conf2 2-7,text,true,,231,157,11,33,http://localhost:8083/?token=492552074&user=2129825963&config=2,919,0,0
1727431629668,1165,conf1,200,OK,conf1 1-4,text,false,"The operation lasted too long: It took 1,165 milliseconds, but should not have lasted longer than 930 milliseconds.",231,157,11,33,http://localhost:8083/?token=492552074&user=2129825963&config=1,1165,0,0
1727431629669,1189,conf1,200,OK,conf1 1-1,text,false,"The operation lasted too long: It took 1,189 milliseconds, but should not have lasted longer than 930 milliseconds.",231,157,11,33,http://localhost:8083/?token=492552074&user=2129825963&config=1,1189,0,0
1727431629669,1189,conf1,200,OK,conf1 1-2,text,false,"The operation lasted too long: It took 1,189 milliseconds, but should not have lasted longer than 930 milliseconds.",231,157,11,33,http://localhost:8083/?token=492552074&user=2129825963&config=1,1189,0,0
1727431629669,1190,conf1,200,OK,conf1 1-6,text,false,"The operation lasted too long: It took 1,190 milliseconds, but should not have lasted longer than 930 milliseconds.",231,157,11,33,http://localhost:8083/?token=492552074&user=2129825963&config=1,1190,0,0
1727431629669,1193,conf1,200,OK,conf1 1-10,text,false,"The operation lasted too long: It took 1,193 milliseconds, but should not have lasted longer than 930 milliseconds.",231,157,11,33,http://localhost:8083/?token=492552074&user=2129825963&config=1,1193,0,0
1727431629669,1194,conf1,200,OK,conf1 1-9,text,false,"The operation lasted too long: It took 1,194 milliseconds, but should not have lasted longer than 930 milliseconds.",231,157,11,33,http://localhost:8083/?token=492552074&user=2129825963&config=1,1194,0,0
1727431629669,1225,conf1,200,OK,conf1 1-11,text,false,"The operation lasted too long: It took 1,225 milliseconds, but should not have lasted longer than 930 milliseconds.",231,157,11,33,http://localhost:8083/?token=492552074&user=2129825963&config=1,1225,0,0
1727431629669,1225,conf1,200,OK,conf1 1-8,text,false,"The operation lasted too long: It took 1,225 milliseconds, but should not have lasted longer than 930 milliseconds.",231,157,11,33,http://localhost:8083/?token=492552074&user=2129825963&config=1,1225,0,0
1727431629669,1226,conf1,200,OK,conf1 1-7,text,false,"The operation lasted too long: It took 1,226 milliseconds, but should not have lasted longer than 930 milliseconds.",231,157,11,33,http://localhost:8083/?token=492552074&user=2129825963&config=1,1226,0,0
1727431629669,1226,conf1,200,OK,conf1 1-5,text,false,"The operation lasted too long: It took 1,226 milliseconds, but should not have lasted longer than 930 milliseconds.",231,157,11,33,http://localhost:8083/?token=492552074&user=2129825963&config=1,1226,0,0
1727431629669,1226,conf1,200,OK,conf1 1-3,text,false,"The operation lasted too long: It took 1,226 milliseconds, but should not have lasted longer than 930 milliseconds.",231,157,11,33,http://localhost:8083/?token=492552074&user=2129825963&config=1,1226,0,0
1727431631169,424,conf3,200,OK,conf3 3-3,text,true,,231,157,11,33,http://localhost:8083/?token=492552074&user=2129825963&config=3,424,0,0
1727431631169,433,conf3,200,OK,conf3 3-1,text,true,,231,157,11,33,http://localhost:8083/?token=492552074&user=2129825963&config=3,433,0,0
1727431631170,432,conf3,200,OK,conf3 3-2,text,true,,231,157,11,33,http://localhost:8083/?token=492552074&user=2129825963&config=3,432,0,0
1727431631169,435,conf3,200,OK,conf3 3-4,text,true,,231,157,11,33,http://localhost:8083/?token=492552074&user=2129825963&config=3,435,0,0
1727431631171,433,conf3,200,OK,conf3 3-6,text,true,,231,157,11,33,http://localhost:8083/?token=492552074&user=2129825963&config=3,433,0,0
1727431631173,432,conf3,200,OK,conf3 3-9,text,true,,231,157,11,33,http://localhost:8083/?token=492552074&user=2129825963&config=3,431,0,0
1727431631171,468,conf3,200,OK,conf3 3-5,text,true,,231,157,11,33,http://localhost:8083/?token=492552074&user=2129825963&config=3,468,0,0
1727431631173,466,conf3,200,OK,conf3 3-11,text,true,,231,157,11,33,http://localhost:8083/?token=492552074&user=2129825963&config=3,466,0,0
1727431631172,467,conf3,200,OK,conf3 3-7,text,true,,231,157,11,33,http://localhost:8083/?token=492552074&user=2129825963&config=3,467,0,0
1727431631172,468,conf3,200,OK,conf3 3-10,text,true,,231,157,11,33,http://localhost:8083/?token=492552074&user=2129825963&config=3,468,0,0
1727431631162,796,conf2,200,OK,conf2 2-1,text,true,,231,157,11,33,http://localhost:8083/?token=492552074&user=2129825963&config=2,796,0,0
1727431631164,821,conf2,200,OK,conf2 2-3,text,true,,231,157,11,33,http://localhost:8083/?token=492552074&user=2129825963&config=2,821,0,0
1727431631167,819,conf2,200,OK,conf2 2-7,text,true,,231,157,11,33,http://localhost:8083/?token=492552074&user=2129825963&config=2,819,0,0
1727431631167,819,conf2,200,OK,conf2 2-10,text,true,,231,157,11,33,http://localhost:8083/?token=492552074&user=2129825963&config=2,819,0,0
1727431631167,819,conf2,200,OK,conf2 2-2,text,true,,231,157,11,33,http://localhost:8083/?token=492552074&user=2129825963&config=2,818,0,0
1727431631167,818,conf2,200,OK,conf2 2-5,text,true,,231,157,11,33,http://localhost:8083/?token=492552074&user=2129825963&config=2,818,0,0
1727431631168,820,conf2,200,OK,conf2 2-11,text,true,,231,157,11,33,http://localhost:8083/?token=492552074&user=2129825963&config=2,820,0,0
1727431631169,819,conf2,200,OK,conf2 2-9,text,true,,231,157,11,33,http://localhost:8083/?token=492552074&user=2129825963&config=2,819,0,0
1727431631168,821,conf2,200,OK,conf2 2-8,text,true,,231,157,11,33,http://localhost:8083/?token=492552074&user=2129825963&config=2,821,0,0
1727431631167,822,conf2,200,OK,conf2 2-4,text,true,,231,157,11,33,http://localhost:8083/?token=492552074&user=2129825963&config=2,822,0,0
1727431631171,818,conf3,200,OK,conf3 3-8,text,true,,231,157,11,33,http://localhost:8083/?token=492552074&user=2129825963&config=3,818,0,0
1727431631168,856,conf2,200,OK,conf2 2-6,text,true,,231,157,11,33,http://localhost:8083/?token=492552074&user=2129825963&config=2,856,0,0
1727431631161,1197,conf1,200,OK,conf1 1-5,text,false,"The operation lasted too long: It took 1,197 milliseconds, but should not have lasted longer than 930 milliseconds.",231,157,11,33,http://localhost:8083/?token=492552074&user=2129825963&config=1,1197,0,0
1727431631163,1298,conf1,200,OK,conf1 1-9,text,false,"The operation lasted too long: It took 1,298 milliseconds, but should not have lasted longer than 930 milliseconds.",231,157,11,33,http://localhost:8083/?token=492552074&user=2129825963&config=1,1298,0,0
1727431631163,1298,conf1,200,OK,conf1 1-4,text,false,"The operation lasted too long: It took 1,298 milliseconds, but should not have lasted longer than 930 milliseconds.",231,157,11,33,http://localhost:8083/?token=492552074&user=2129825963&config=1,1298,0,0
1727431631163,1298,conf1,200,OK,conf1 1-2,text,false,"The operation lasted too long: It took 1,298 milliseconds, but should not have lasted longer than 930 milliseconds.",231,157,11,33,http://localhost:8083/?token=492552074&user=2129825963&config=1,1298,0,0
1727431631161,1300,conf1,200,OK,conf1 1-3,text,false,"The operation lasted too long: It took 1,300 milliseconds, but should not have lasted longer than 930 milliseconds.",231,157,11,33,http://localhost:8083/?token=492552074&user=2129825963&config=1,1300,0,0
1727431631166,1295,conf1,200,OK,conf1 1-1,text,false,"The operation lasted too long: It took 1,295 milliseconds, but should not have lasted longer than 930 milliseconds.",231,157,11,33,http://localhost:8083/?token=492552074&user=2129825963&config=1,1295,0,0
1727431631163,1348,conf1,200,OK,conf1 1-6,text,false,"The operation lasted too long: It took 1,348 milliseconds, but should not have lasted longer than 930 milliseconds.",231,157,11,33,http://localhost:8083/?token=492552074&user=2129825963&config=1,1348,0,0
1727431631166,1345,conf1,200,OK,conf1 1-10,text,false,"The operation lasted too long: It took 1,345 milliseconds, but should not have lasted longer than 930 milliseconds.",231,157,11,33,http://localhost:8083/?token=492552074&user=2129825963&config=1,1345,0,0
1727431631166,1345,conf1,200,OK,conf1 1-11,text,false,"The operation lasted too long: It took 1,345 milliseconds, but should not have lasted longer than 930 milliseconds.",231,157,11,33,http://localhost:8083/?token=492552074&user=2129825963&config=1,1345,0,0
1727431631166,1345,conf1,200,OK,conf1 1-7,text,false,"The operation lasted too long: It took 1,345 milliseconds, but should not have lasted longer than 930 milliseconds.",231,157,11,33,http://localhost:8083/?token=492552074&user=2129825963&config=1,1345,0,0
1727431631166,1345,conf1,200,OK,conf1 1-8,text,false,"The operation lasted too long: It took 1,345 milliseconds, but should not have lasted longer than 930 milliseconds.",231,157,11,33,http://localhost:8083/?token=492552074&user=2129825963&config=1,1345,0,0
1727431632672,445,conf3,200,OK,conf3 3-9,text,true,,231,157,11,33,http://localhost:8083/?token=492552074&user=2129825963&config=3,445,0,0
1727431632672,445,conf3,200,OK,conf3 3-10,text,true,,231,157,11,33,http://localhost:8083/?token=492552074&user=2129825963&config=3,445,0,0
1727431632672,471,conf3,200,OK,conf3 3-1,text,true,,231,157,11,33,http://localhost:8083/?token=492552074&user=2129825963&config=3,471,0,0
1727431632672,471,conf3,200,OK,conf3 3-4,text,true,,231,157,11,33,http://localhost:8083/?token=492552074&user=2129825963&config=3,471,0,0
1727431632672,471,conf3,200,OK,conf3 3-7,text,true,,231,157,11,33,http://localhost:8083/?token=492552074&user=2129825963&config=3,471,0,0
1727431632672,471,conf3,200,OK,conf3 3-11,text,true,,231,157,11,33,http://localhost:8083/?token=492552074&user=2129825963&config=3,471,0,0
1727431632672,471,conf3,200,OK,conf3 3-2,text,true,,231,157,11,33,http://localhost:8083/?token=492552074&user=2129825963&config=3,471,0,0
1727431632670,844,conf2,200,OK,conf2 2-5,text,true,,231,157,11,33,http://localhost:8083/?token=492552074&user=2129825963&config=2,844,0,0
1727431632672,842,conf3,200,OK,conf3 3-3,text,true,,231,157,11,33,http://localhost:8083/?token=492552074&user=2129825963&config=3,842,0,0
1727431632672,842,conf3,200,OK,conf3 3-5,text,true,,231,157,11,33,http://localhost:8083/?token=492552074&user=2129825963&config=3,842,0,0
1727431632672,843,conf3,200,OK,conf3 3-6,text,true,,231,157,11,33,http://localhost:8083/?token=492552074&user=2129825963&config=3,843,0,0
1727431632672,843,conf3,200,OK,conf3 3-8,text,true,,231,157,11,33,http://localhost:8083/?token=492552074&user=2129825963&config=3,843,0,0
1727431632671,868,conf2,200,OK,conf2 2-1,text,true,,231,157,11,33,http://localhost:8083/?token=492552074&user=2129825963&config=2,868,0,0
1727431632671,868,conf2,200,OK,conf2 2-3,text,true,,231,157,11,33,http://localhost:8083/?token=492552074&user=2129825963&config=2,867,0,0
1727431632671,867,conf2,200,OK,conf2 2-10,text,true,,231,157,11,33,http://localhost:8083/?token=492552074&user=2129825963&config=2,867,0,0
1727431632671,868,conf2,200,OK,conf2 2-2,text,true,,231,157,11,33,http://localhost:8083/?token=492552074&user=2129825963&config=2,868,0,0
1727431632672,867,conf2,200,OK,conf2 2-6,text,true,,231,157,11,33,http://localhost:8083/?token=492552074&user=2129825963&config=2,866,0,0
1727431632672,912,conf2,200,OK,conf2 2-9,text,true,,231,157,11,33,http://localhost:8083/?token=492552074&user=2129825963&config=2,912,0,0
1727431632672,912,conf2,200,OK,conf2 2-11,text,true,,231,157,11,33,http://localhost:8083/?token=492552074&user=2129825963&config=2,912,0,0
1727431632671,914,conf2,200,OK,conf2 2-7,text,true,,231,157,11,33,http://localhost:8083/?token=492552074&user=2129825963&config=2,914,0,0
1727431632671,917,conf2,200,OK,conf2 2-4,text,true,,231,157,11,33,http://localhost:8083/?token=492552074&user=2129825963&config=2,917,0,0
1727431632665,1239,conf1,200,OK,conf1 1-6,text,false,"The operation lasted too long: It took 1,239 milliseconds, but should not have lasted longer than 930 milliseconds.",231,157,11,33,http://localhost:8083/?token=492552074&user=2129825963&config=1,1238,0,0
1727431632671,1263,conf1,200,OK,conf1 1-4,text,false,"The operation lasted too long: It took 1,263 milliseconds, but should not have lasted longer than 930 milliseconds.",231,157,11,33,http://localhost:8083/?token=492552074&user=2129825963&config=1,1263,0,0
1727431632671,1263,conf1,200,OK,conf1 1-10,text,false,"The operation lasted too long: It took 1,263 milliseconds, but should not have lasted longer than 930 milliseconds.",231,157,11,33,http://localhost:8083/?token=492552074&user=2129825963&config=1,1263,0,0
1727431632671,1263,conf1,200,OK,conf1 1-9,text,false,"The operation lasted too long: It took 1,263 milliseconds, but should not have lasted longer than 930 milliseconds.",231,157,11,33,http://localhost:8083/?token=492552074&user=2129825963&config=1,1263,0,0
1727431632670,1264,conf1,200,OK,conf1 1-8,text,false,"The operation lasted too long: It took 1,264 milliseconds, but should not have lasted longer than 930 milliseconds.",231,157,11,33,http://localhost:8083/?token=492552074&user=2129825963&config=1,1264,0,0
1727431632669,1265,conf1,200,OK,conf1 1-11,text,false,"The operation lasted too long: It took 1,265 milliseconds, but should not have lasted longer than 930 milliseconds.",231,157,11,33,http://localhost:8083/?token=492552074&user=2129825963&config=1,1265,0,0
1727431632671,1293,conf1,200,OK,conf1 1-2,text,false,"The operation lasted too long: It took 1,293 milliseconds, but should not have lasted longer than 930 milliseconds.",231,157,11,33,http://localhost:8083/?token=492552074&user=2129825963&config=1,1293,0,0
1727431632671,1293,conf1,200,OK,conf1 1-1,text,false,"The operation lasted too long: It took 1,293 milliseconds, but should not have lasted longer than 930 milliseconds.",231,157,11,33,http://localhost:8083/?token=492552074&user=2129825963&config=1,1293,0,0
1727431632671,1295,conf1,200,OK,conf1 1-7,text,false,"The operation lasted too long: It took 1,295 milliseconds, but should not have lasted longer than 930 milliseconds.",231,157,11,33,http://localhost:8083/?token=492552074&user=2129825963&config=1,1295,0,0
1727431632671,1295,conf1,200,OK,conf1 1-5,text,false,"The operation lasted too long: It took 1,295 milliseconds, but should not have lasted longer than 930 milliseconds.",231,157,11,33,http://localhost:8083/?token=492552074&user=2129825963&config=1,1295,0,0
1727431632671,1295,conf1,200,OK,conf1 1-3,text,false,"The operation lasted too long: It took 1,295 milliseconds, but should not have lasted longer than 930 milliseconds.",231,157,11,33,http://localhost:8083/?token=492552074&user=2129825963&config=1,1295,0,0
1727431632672,1328,conf2,200,OK,conf2 2-8,text,false,"The operation lasted too long: It took 1,328 milliseconds, but should not have lasted longer than 930 milliseconds.",231,157,11,33,http://localhost:8083/?token=492552074&user=2129825963&config=2,1328,0,0
1727431634173,529,conf3,200,OK,conf3 3-2,text,true,,231,157,11,33,http://localhost:8083/?token=492552074&user=2129825963&config=3,528,0,0
1727431634173,559,conf3,200,OK,conf3 3-1,text,true,,231,157,11,33,http://localhost:8083/?token=492552074&user=2129825963&config=3,559,0,0
1727431634173,559,conf3,200,OK,conf3 3-3,text,true,,231,157,11,33,http://localhost:8083/?token=492552074&user=2129825963&config=3,559,0,0
1727431634173,560,conf3,200,OK,conf3 3-4,text,true,,231,157,11,33,http://localhost:8083/?token=492552074&user=2129825963&config=3,560,0,0
1727431634173,560,conf3,200,OK,conf3 3-6,text,true,,231,157,11,33,http://localhost:8083/?token=492552074&user=2129825963&config=3,560,0,0
1727431634173,560,conf3,200,OK,conf3 3-7,text,true,,231,157,11,33,http://localhost:8083/?token=492552074&user=2129825963&config=3,560,0,0
1727431634171,894,conf2,200,OK,conf2 2-10,text,true,,231,157,11,33,http://localhost:8083/?token=492552074&user=2129825963&config=2,894,0,0
1727431634173,894,conf3,200,OK,conf3 3-5,text,true,,231,157,11,33,http://localhost:8083/?token=492552074&user=2129825963&config=3,894,0,0
1727431634174,895,conf3,200,OK,conf3 3-11,text,true,,231,157,11,33,http://localhost:8083/?token=492552074&user=2129825963&config=3,895,0,0
1727431634174,896,conf3,200,OK,conf3 3-10,text,true,,231,157,11,33,http://localhost:8083/?token=492552074&user=2129825963&config=3,896,0,0
1727431634174,893,conf3,200,OK,conf3 3-9,text,true,,231,157,11,33,http://localhost:8083/?token=492552074&user=2129825963&config=3,893,0,0
1727431634172,938,conf2,200,OK,conf2 2-4,text,false,"The operation lasted too long: It took 938 milliseconds, but should not have lasted longer than 930 milliseconds.",231,157,11,33,http://localhost:8083/?token=492552074&user=2129825963&config=2,938,0,0
1727431634171,938,conf2,200,OK,conf2 2-6,text,false,"The operation lasted too long: It took 938 milliseconds, but should not have lasted longer than 930 milliseconds.",231,157,11,33,http://localhost:8083/?token=492552074&user=2129825963&config=2,938,0,0
1727431634172,938,conf2,200,OK,conf2 2-8,text,false,"The operation lasted too long: It took 938 milliseconds, but should not have lasted longer than 930 milliseconds.",231,157,11,33,http://localhost:8083/?token=492552074&user=2129825963&config=2,936,0,0
1727431634172,938,conf2,200,OK,conf2 2-2,text,false,"The operation lasted too long: It took 938 milliseconds, but should not have lasted longer than 930 milliseconds.",231,157,11,33,http://localhost:8083/?token=492552074&user=2129825963&config=2,938,0,0
1727431634173,937,conf2,200,OK,conf2 2-1,text,false,"The operation lasted too long: It took 937 milliseconds, but should not have lasted longer than 930 milliseconds.",231,157,11,33,http://localhost:8083/?token=492552074&user=2129825963&config=2,937,0,0
1727431634173,970,conf2,200,OK,conf2 2-11,text,false,"The operation lasted too long: It took 970 milliseconds, but should not have lasted longer than 930 milliseconds.",231,157,11,33,http://localhost:8083/?token=492552074&user=2129825963&config=2,970,0,0
1727431634173,970,conf2,200,OK,conf2 2-3,text,false,"The operation lasted too long: It took 970 milliseconds, but should not have lasted longer than 930 milliseconds.",231,157,11,33,http://localhost:8083/?token=492552074&user=2129825963&config=2,970,0,0
1727431634173,972,conf2,200,OK,conf2 2-9,text,false,"The operation lasted too long: It took 972 milliseconds, but should not have lasted longer than 930 milliseconds.",231,157,11,33,http://localhost:8083/?token=492552074&user=2129825963&config=2,972,0,0
1727431634173,972,conf2,200,OK,conf2 2-5,text,false,"The operation lasted too long: It took 972 milliseconds, but should not have lasted longer than 930 milliseconds.",231,157,11,33,http://localhost:8083/?token=492552074&user=2129825963&config=2,972,0,0
1727431634173,972,conf2,200,OK,conf2 2-7,text,false,"The operation lasted too long: It took 972 milliseconds, but should not have lasted longer than 930 milliseconds.",231,157,11,33,http://localhost:8083/?token=492552074&user=2129825963&config=2,972,0,0
1727431634174,1035,conf3,200,OK,conf3 3-8,text,false,"The operation lasted too long: It took 1,035 milliseconds, but should not have lasted longer than 930 milliseconds.",231,157,11,33,http://localhost:8083/?token=492552074&user=2129825963&config=3,1035,0,0
1727431634161,1288,conf1,200,OK,conf1 1-2,text,false,"The operation lasted too long: It took 1,288 milliseconds, but should not have lasted longer than 930 milliseconds.",231,157,11,33,http://localhost:8083/?token=492552074&user=2129825963&config=1,1287,0,0
1727431634171,1302,conf1,200,OK,conf1 1-5,text,false,"The operation lasted too long: It took 1,302 milliseconds, but should not have lasted longer than 930 milliseconds.",231,157,11,33,http://localhost:8083/?token=492552074&user=2129825963&config=1,1302,0,0
1727431634161,1312,conf1,200,OK,conf1 1-4,text,false,"The operation lasted too long: It took 1,312 milliseconds, but should not have lasted longer than 930 milliseconds.",231,157,11,33,http://localhost:8083/?token=492552074&user=2129825963&config=1,1312,0,0
1727431634165,1308,conf1,200,OK,conf1 1-6,text,false,"The operation lasted too long: It took 1,308 milliseconds, but should not have lasted longer than 930 milliseconds.",231,157,11,33,http://localhost:8083/?token=492552074&user=2129825963&config=1,1308,0,0
1727431634171,1302,conf1,200,OK,conf1 1-1,text,false,"The operation lasted too long: It took 1,302 milliseconds, but should not have lasted longer than 930 milliseconds.",231,157,11,33,http://localhost:8083/?token=492552074&user=2129825963&config=1,1302,0,0
1727431634171,1302,conf1,200,OK,conf1 1-3,text,false,"The operation lasted too long: It took 1,302 milliseconds, but should not have lasted longer than 930 milliseconds.",231,157,11,33,http://localhost:8083/?token=492552074&user=2129825963&config=1,1302,0,0
1727431634172,1436,conf1,200,OK,conf1 1-9,text,false,"The operation lasted too long: It took 1,436 milliseconds, but should not have lasted longer than 930 milliseconds.",231,157,11,33,http://localhost:8083/?token=492552074&user=2129825963&config=1,1436,0,0
1727431634173,1434,conf1,200,OK,conf1 1-8,text,false,"The operation lasted too long: It took 1,434 milliseconds, but should not have lasted longer than 930 milliseconds.",231,157,11,33,http://localhost:8083/?token=492552074&user=2129825963&config=1,1434,0,0
1727431634172,1438,conf1,200,OK,conf1 1-11,text,false,"The operation lasted too long: It took 1,438 milliseconds, but should not have lasted longer than 930 milliseconds.",231,157,11,33,http://localhost:8083/?token=492552074&user=2129825963&config=1,1438,0,0
1727431634172,1438,conf1,200,OK,conf1 1-7,text,false,"The operation lasted too long: It took 1,438 milliseconds, but should not have lasted longer than 930 milliseconds.",231,157,11,33,http://localhost:8083/?token=492552074&user=2129825963&config=1,1438,0,0
1727431634172,1435,conf1,200,OK,conf1 1-10,text,false,"The operation lasted too long: It took 1,435 milliseconds, but should not have lasted longer than 930 milliseconds.",231,157,11,33,http://localhost:8083/?token=492552074&user=2129825963&config=1,1435,0,0
1727431635671,755,conf3,200,OK,conf3 3-1,text,true,,231,157,11,33,http://localhost:8083/?token=492552074&user=2129825963&config=3,755,0,0
1727431635671,757,conf3,200,OK,conf3 3-5,text,true,,231,157,11,33,http://localhost:8083/?token=492552074&user=2129825963&config=3,757,0,0
1727431635671,757,conf3,200,OK,conf3 3-6,text,true,,231,157,11,33,http://localhost:8083/?token=492552074&user=2129825963&config=3,757,0,0
1727431635672,756,conf3,200,OK,conf3 3-9,text,true,,231,157,11,33,http://localhost:8083/?token=492552074&user=2129825963&config=3,756,0,0
1727431635672,756,conf3,200,OK,conf3 3-11,text,true,,231,157,11,33,http://localhost:8083/?token=492552074&user=2129825963&config=3,756,0,0
1727431635671,757,conf3,200,OK,conf3 3-4,text,true,,231,157,11,33,http://localhost:8083/?token=492552074&user=2129825963&config=3,757,0,0
1727431635671,789,conf3,200,OK,conf3 3-2,text,true,,231,157,11,33,http://localhost:8083/?token=492552074&user=2129825963&config=3,789,0,0
1727431635671,790,conf3,200,OK,conf3 3-3,text,true,,231,157,11,33,http://localhost:8083/?token=492552074&user=2129825963&config=3,790,0,0
1727431635671,790,conf3,200,OK,conf3 3-7,text,true,,231,157,11,33,http://localhost:8083/?token=492552074&user=2129825963&config=3,790,0,0
1727431635672,789,conf3,200,OK,conf3 3-10,text,true,,231,157,11,33,http://localhost:8083/?token=492552074&user=2129825963&config=3,789,0,0
1727431635670,1124,conf2,200,OK,conf2 2-1,text,false,"The operation lasted too long: It took 1,124 milliseconds, but should not have lasted longer than 930 milliseconds.",231,157,11,33,http://localhost:8083/?token=492552074&user=2129825963&config=2,1124,0,0
1727431635670,1151,conf2,200,OK,conf2 2-3,text,false,"The operation lasted too long: It took 1,151 milliseconds, but should not have lasted longer than 930 milliseconds.",231,157,11,33,http://localhost:8083/?token=492552074&user=2129825963&config=2,1151,0,0
1727431635671,1152,conf2,200,OK,conf2 2-9,text,false,"The operation lasted too long: It took 1,152 milliseconds, but should not have lasted longer than 930 milliseconds.",231,157,11,33,http://localhost:8083/?token=492552074&user=2129825963&config=2,1151,0,0
1727431635669,1154,conf2,200,OK,conf2 2-2,text,false,"The operation lasted too long: It took 1,154 milliseconds, but should not have lasted longer than 930 milliseconds.",231,157,11,33,http://localhost:8083/?token=492552074&user=2129825963&config=2,1154,0,0
1727431635671,1153,conf2,200,OK,conf2 2-7,text,false,"The operation lasted too long: It took 1,153 milliseconds, but should not have lasted longer than 930 milliseconds.",231,157,11,33,http://localhost:8083/?token=492552074&user=2129825963&config=2,1153,0,0
1727431635671,1150,conf2,200,OK,conf2 2-6,text,false,"The operation lasted too long: It took 1,150 milliseconds, but should not have lasted longer than 930 milliseconds.",231,157,11,33,http://localhost:8083/?token=492552074&user=2129825963&config=2,1150,0,0
1727431635671,1187,conf2,200,OK,conf2 2-11,text,false,"The operation lasted too long: It took 1,187 milliseconds, but should not have lasted longer than 930 milliseconds.",231,157,11,33,http://localhost:8083/?token=492552074&user=2129825963&config=2,1187,0,0
1727431635671,1188,conf2,200,OK,conf2 2-10,text,false,"The operation lasted too long: It took 1,188 milliseconds, but should not have lasted longer than 930 milliseconds.",231,157,11,33,http://localhost:8083/?token=492552074&user=2129825963&config=2,1188,0,0
1727431635670,1189,conf2,200,OK,conf2 2-5,text,false,"The operation lasted too long: It took 1,189 milliseconds, but should not have lasted longer than 930 milliseconds.",231,157,11,33,http://localhost:8083/?token=492552074&user=2129825963&config=2,1189,0,0
1727431635670,1189,conf2,200,OK,conf2 2-4,text,false,"The operation lasted too long: It took 1,189 milliseconds, but should not have lasted longer than 930 milliseconds.",231,157,11,33,http://localhost:8083/?token=492552074&user=2129825963&config=2,1189,0,0
1727431635671,1189,conf2,200,OK,conf2 2-8,text,false,"The operation lasted too long: It took 1,189 milliseconds, but should not have lasted longer than 930 milliseconds.",231,157,11,33,http://localhost:8083/?token=492552074&user=2129825963&config=2,1189,0,0
1727431635672,1286,conf3,200,OK,conf3 3-8,text,false,"The operation lasted too long: It took 1,286 milliseconds, but should not have lasted longer than 930 milliseconds.",231,157,11,33,http://localhost:8083/?token=492552074&user=2129825963&config=3,1286,0,0
1727431635669,1513,conf1,200,OK,conf1 1-4,text,false,"The operation lasted too long: It took 1,513 milliseconds, but should not have lasted longer than 930 milliseconds.",231,157,11,33,http://localhost:8083/?token=492552074&user=2129825963&config=1,1513,0,0
1727431635670,1541,conf1,200,OK,conf1 1-9,text,false,"The operation lasted too long: It took 1,541 milliseconds, but should not have lasted longer than 930 milliseconds.",231,157,11,33,http://localhost:8083/?token=492552074&user=2129825963&config=1,1541,0,0
1727431635670,1541,conf1,200,OK,conf1 1-10,text,false,"The operation lasted too long: It took 1,541 milliseconds, but should not have lasted longer than 930 milliseconds.",231,157,11,33,http://localhost:8083/?token=492552074&user=2129825963&config=1,1541,0,0
1727431635670,1542,conf1,200,OK,conf1 1-3,text,false,"The operation lasted too long: It took 1,542 milliseconds, but should not have lasted longer than 930 milliseconds.",231,157,11,33,http://localhost:8083/?token=492552074&user=2129825963&config=1,1542,0,0
1727431635670,1549,conf1,200,OK,conf1 1-1,text,false,"The operation lasted too long: It took 1,549 milliseconds, but should not have lasted longer than 930 milliseconds.",231,157,11,33,http://localhost:8083/?token=492552074&user=2129825963&config=1,1549,0,0
1727431635669,1581,conf1,200,OK,conf1 1-6,text,false,"The operation lasted too long: It took 1,581 milliseconds, but should not have lasted longer than 930 milliseconds.",231,157,11,33,http://localhost:8083/?token=492552074&user=2129825963&config=1,1581,0,0
1727431635670,1581,conf1,200,OK,conf1 1-8,text,false,"The operation lasted too long: It took 1,581 milliseconds, but should not have lasted longer than 930 milliseconds.",231,157,11,33,http://localhost:8083/?token=492552074&user=2129825963&config=1,1581,0,0
1727431635669,1584,conf1,200,OK,conf1 1-11,text,false,"The operation lasted too long: It took 1,584 milliseconds, but should not have lasted longer than 930 milliseconds.",231,157,11,33,http://localhost:8083/?token=492552074&user=2129825963&config=1,1584,0,0
1727431635669,1584,conf1,200,OK,conf1 1-5,text,false,"The operation lasted too long: It took 1,584 milliseconds, but should not have lasted longer than 930 milliseconds.",231,157,11,33,http://localhost:8083/?token=492552074&user=2129825963&config=1,1584,0,0
1727431635670,1583,conf1,200,OK,conf1 1-7,text,false,"The operation lasted too long: It took 1,583 milliseconds, but should not have lasted longer than 930 milliseconds.",231,157,11,33,http://localhost:8083/?token=492552074&user=2129825963&config=1,1583,0,0
1727431635665,1590,conf1,200,OK,conf1 1-2,text,false,"The operation lasted too long: It took 1,590 milliseconds, but should not have lasted longer than 930 milliseconds.",231,157,11,33,http://localhost:8083/?token=492552074&user=2129825963&config=1,1590,0,0
1727431637169,643,conf3,200,OK,conf3 3-1,text,true,,231,157,11,33,http://localhost:8083/?token=492552074&user=2129825963&config=3,643,0,0
1727431637169,681,conf3,200,OK,conf3 3-6,text,true,,231,157,11,33,http://localhost:8083/?token=492552074&user=2129825963&config=3,681,0,0
1727431637170,680,conf3,200,OK,conf3 3-2,text,true,,231,157,11,33,http://localhost:8083/?token=492552074&user=2129825963&config=3,680,0,0
1727431637170,718,conf3,200,OK,conf3 3-4,text,true,,231,157,11,33,http://localhost:8083/?token=492552074&user=2129825963&config=3,718,0,0
1727431637171,717,conf3,200,OK,conf3 3-7,text,true,,231,157,11,33,http://localhost:8083/?token=492552074&user=2129825963&config=3,717,0,0
1727431637170,718,conf3,200,OK,conf3 3-3,text,true,,231,157,11,33,http://localhost:8083/?token=492552074&user=2129825963&config=3,718,0,0
1727431637171,717,conf3,200,OK,conf3 3-8,text,true,,231,157,11,33,http://localhost:8083/?token=492552074&user=2129825963&config=3,717,0,0
1727431637172,755,conf3,200,OK,conf3 3-9,text,true,,231,157,11,33,http://localhost:8083/?token=492552074&user=2129825963&config=3,755,0,0
1727431637172,755,conf3,200,OK,conf3 3-5,text,true,,231,157,11,33,http://localhost:8083/?token=492552074&user=2129825963&config=3,755,0,0
1727431637172,756,conf3,200,OK,conf3 3-11,text,true,,231,157,11,33,http://localhost:8083/?token=492552074&user=2129825963&config=3,756,0,0
1727431637172,756,conf3,200,OK,conf3 3-10,text,true,,231,157,11,33,http://localhost:8083/?token=492552074&user=2129825963&config=3,756,0,0
1727431637167,1026,conf2,200,OK,conf2 2-1,text,false,"The operation lasted too long: It took 1,026 milliseconds, but should not have lasted longer than 930 milliseconds.",231,157,11,33,http://localhost:8083/?token=492552074&user=2129825963&config=2,1026,0,0
1727431637169,1047,conf2,200,OK,conf2 2-3,text,false,"The operation lasted too long: It took 1,047 milliseconds, but should not have lasted longer than 930 milliseconds.",231,157,11,33,http://localhost:8083/?token=492552074&user=2129825963&config=2,1047,0,0
1727431637169,1047,conf2,200,OK,conf2 2-5,text,false,"The operation lasted too long: It took 1,047 milliseconds, but should not have lasted longer than 930 milliseconds.",231,157,11,33,http://localhost:8083/?token=492552074&user=2129825963&config=2,1047,0,0
1727431637169,1047,conf2,200,OK,conf2 2-2,text,false,"The operation lasted too long: It took 1,047 milliseconds, but should not have lasted longer than 930 milliseconds.",231,157,11,33,http://localhost:8083/?token=492552074&user=2129825963&config=2,1047,0,0
1727431637169,1047,conf2,200,OK,conf2 2-8,text,false,"The operation lasted too long: It took 1,047 milliseconds, but should not have lasted longer than 930 milliseconds.",231,157,11,33,http://localhost:8083/?token=492552074&user=2129825963&config=2,1047,0,0
1727431637169,1047,conf2,200,OK,conf2 2-6,text,false,"The operation lasted too long: It took 1,047 milliseconds, but should not have lasted longer than 930 milliseconds.",231,157,11,33,http://localhost:8083/?token=492552074&user=2129825963&config=2,1047,0,0
1727431637169,1184,conf2,200,OK,conf2 2-11,text,false,"The operation lasted too long: It took 1,184 milliseconds, but should not have lasted longer than 930 milliseconds.",231,157,11,33,http://localhost:8083/?token=492552074&user=2129825963&config=2,1184,0,0
1727431637169,1185,conf2,200,OK,conf2 2-9,text,false,"The operation lasted too long: It took 1,185 milliseconds, but should not have lasted longer than 930 milliseconds.",231,157,11,33,http://localhost:8083/?token=492552074&user=2129825963&config=2,1185,0,0
1727431637169,1185,conf2,200,OK,conf2 2-4,text,false,"The operation lasted too long: It took 1,185 milliseconds, but should not have lasted longer than 930 milliseconds.",231,157,11,33,http://localhost:8083/?token=492552074&user=2129825963&config=2,1185,0,0
1727431637169,1185,conf2,200,OK,conf2 2-7,text,false,"The operation lasted too long: It took 1,185 milliseconds, but should not have lasted longer than 930 milliseconds.",231,157,11,33,http://localhost:8083/?token=492552074&user=2129825963&config=2,1185,0,0
1727431637169,1184,conf2,200,OK,conf2 2-10,text,false,"The operation lasted too long: It took 1,184 milliseconds, but should not have lasted longer than 930 milliseconds.",231,157,11,33,http://localhost:8083/?token=492552074&user=2129825963&config=2,1184,0,0
1727431637183,1518,conf1,200,OK,conf1 1-4,text,false,"The operation lasted too long: It took 1,518 milliseconds, but should not have lasted longer than 930 milliseconds.",231,157,11,33,http://localhost:8083/?token=492552074&user=2129825963&config=1,1518,0,0
1727431637212,1493,conf1,200,OK,conf1 1-10,text,false,"The operation lasted too long: It took 1,493 milliseconds, but should not have lasted longer than 930 milliseconds.",231,157,11,33,http://localhost:8083/?token=492552074&user=2129825963&config=1,1493,0,0
1727431637212,1498,conf1,200,OK,conf1 1-9,text,false,"The operation lasted too long: It took 1,498 milliseconds, but should not have lasted longer than 930 milliseconds.",231,157,11,33,http://localhost:8083/?token=492552074&user=2129825963&config=1,1498,0,0
1727431637213,1523,conf1,200,OK,conf1 1-3,text,false,"The operation lasted too long: It took 1,523 milliseconds, but should not have lasted longer than 930 milliseconds.",231,157,11,33,http://localhost:8083/?token=492552074&user=2129825963&config=1,1523,0,0
1727431637253,1663,conf1,200,OK,conf1 1-8,text,false,"The operation lasted too long: It took 1,663 milliseconds, but should not have lasted longer than 930 milliseconds.",231,157,11,33,http://localhost:8083/?token=492552074&user=2129825963&config=1,1663,0,0
1727431637219,1734,conf1,200,OK,conf1 1-1,text,false,"The operation lasted too long: It took 1,734 milliseconds, but should not have lasted longer than 930 milliseconds.",231,157,11,33,http://localhost:8083/?token=492552074&user=2129825963&config=1,1734,0,0
1727431637251,1703,conf1,200,OK,conf1 1-6,text,false,"The operation lasted too long: It took 1,703 milliseconds, but should not have lasted longer than 930 milliseconds.",231,157,11,33,http://localhost:8083/?token=492552074&user=2129825963&config=1,1703,0,0
1727431637256,1697,conf1,200,OK,conf1 1-2,text,false,"The operation lasted too long: It took 1,697 milliseconds, but should not have lasted longer than 930 milliseconds.",231,157,11,33,http://localhost:8083/?token=492552074&user=2129825963&config=1,1697,0,0
1727431637253,1701,conf1,200,OK,conf1 1-7,text,false,"The operation lasted too long: It took 1,701 milliseconds, but should not have lasted longer than 930 milliseconds.",231,157,11,33,http://localhost:8083/?token=492552074&user=2129825963&config=1,1701,0,0
1727431637253,1701,conf1,200,OK,conf1 1-11,text,false,"The operation lasted too long: It took 1,701 milliseconds, but should not have lasted longer than 930 milliseconds.",231,157,11,33,http://localhost:8083/?token=492552074&user=2129825963&config=1,1701,0,0
1727431637253,2066,conf1,200,OK,conf1 1-5,text,false,"The operation lasted too long: It took 2,066 milliseconds, but should not have lasted longer than 930 milliseconds.",231,157,11,33,http://localhost:8083/?token=492552074&user=2129825963&config=1,2066,0,0
1727431638669,691,conf3,200,OK,conf3 3-1,text,true,,231,157,11,33,http://localhost:8083/?token=492552074&user=2129825963&config=3,691,0,0
1727431638669,692,conf3,200,OK,conf3 3-3,text,true,,231,157,11,33,http://localhost:8083/?token=492552074&user=2129825963&config=3,692,0,0
1727431638669,692,conf3,200,OK,conf3 3-4,text,true,,231,157,11,33,http://localhost:8083/?token=492552074&user=2129825963&config=3,692,0,0
1727431638672,711,conf3,200,OK,conf3 3-5,text,true,,231,157,11,33,http://localhost:8083/?token=492552074&user=2129825963&config=3,711,0,0
1727431638671,712,conf3,200,OK,conf3 3-7,text,true,,231,157,11,33,http://localhost:8083/?token=492552074&user=2129825963&config=3,712,0,0
1727431638671,712,conf3,200,OK,conf3 3-8,text,true,,231,157,11,33,http://localhost:8083/?token=492552074&user=2129825963&config=3,712,0,0
1727431638677,706,conf3,200,OK,conf3 3-11,text,true,,231,157,11,33,http://localhost:8083/?token=492552074&user=2129825963&config=3,706,0,0
1727431638669,714,conf3,200,OK,conf3 3-2,text,true,,231,157,11,33,http://localhost:8083/?token=492552074&user=2129825963&config=3,714,0,0
1727431638677,744,conf3,200,OK,conf3 3-9,text,true,,231,157,11,33,http://localhost:8083/?token=492552074&user=2129825963&config=3,744,0,0
1727431638676,745,conf3,200,OK,conf3 3-10,text,true,,231,157,11,33,http://localhost:8083/?token=492552074&user=2129825963&config=3,745,0,0
1727431638672,749,conf3,200,OK,conf3 3-6,text,true,,231,157,11,33,http://localhost:8083/?token=492552074&user=2129825963&config=3,749,0,0
1727431638667,1066,conf2,200,OK,conf2 2-1,text,false,"The operation lasted too long: It took 1,066 milliseconds, but should not have lasted longer than 930 milliseconds.",231,157,11,33,http://localhost:8083/?token=492552074&user=2129825963&config=2,1066,0,0
1727431638668,1064,conf2,200,OK,conf2 2-5,text,false,"The operation lasted too long: It took 1,064 milliseconds, but should not have lasted longer than 930 milliseconds.",231,157,11,33,http://localhost:8083/?token=492552074&user=2129825963&config=2,1064,0,0
1727431638668,1102,conf2,200,OK,conf2 2-11,text,false,"The operation lasted too long: It took 1,102 milliseconds, but should not have lasted longer than 930 milliseconds.",231,157,11,33,http://localhost:8083/?token=492552074&user=2129825963&config=2,1102,0,0
1727431638668,1102,conf2,200,OK,conf2 2-3,text,false,"The operation lasted too long: It took 1,102 milliseconds, but should not have lasted longer than 930 milliseconds.",231,157,11,33,http://localhost:8083/?token=492552074&user=2129825963&config=2,1102,0,0
1727431638668,1102,conf2,200,OK,conf2 2-6,text,false,"The operation lasted too long: It took 1,102 milliseconds, but should not have lasted longer than 930 milliseconds.",231,157,11,33,http://localhost:8083/?token=492552074&user=2129825963&config=2,1102,0,0
1727431638669,1102,conf2,200,OK,conf2 2-9,text,false,"The operation lasted too long: It took 1,102 milliseconds, but should not have lasted longer than 930 milliseconds.",231,157,11,33,http://localhost:8083/?token=492552074&user=2129825963&config=2,1102,0,0
1727431638668,1103,conf2,200,OK,conf2 2-8,text,false,"The operation lasted too long: It took 1,103 milliseconds, but should not have lasted longer than 930 milliseconds.",231,157,11,33,http://localhost:8083/?token=492552074&user=2129825963&config=2,1103,0,0
1727431638667,1104,conf2,200,OK,conf2 2-4,text,false,"The operation lasted too long: It took 1,104 milliseconds, but should not have lasted longer than 930 milliseconds.",231,157,11,33,http://localhost:8083/?token=492552074&user=2129825963&config=2,1104,0,0
1727431638668,1103,conf2,200,OK,conf2 2-2,text,false,"The operation lasted too long: It took 1,103 milliseconds, but should not have lasted longer than 930 milliseconds.",231,157,11,33,http://localhost:8083/?token=492552074&user=2129825963&config=2,1103,0,0
1727431638669,1101,conf2,200,OK,conf2 2-10,text,false,"The operation lasted too long: It took 1,101 milliseconds, but should not have lasted longer than 930 milliseconds.",231,157,11,33,http://localhost:8083/?token=492552074&user=2129825963&config=2,1101,0,0
1727431638668,1103,conf2,200,OK,conf2 2-7,text,false,"The operation lasted too long: It took 1,103 milliseconds, but should not have lasted longer than 930 milliseconds.",231,157,11,33,http://localhost:8083/?token=492552074&user=2129825963&config=2,1103,0,0
1727431638712,1481,conf1,200,OK,conf1 1-10,text,false,"The operation lasted too long: It took 1,481 milliseconds, but should not have lasted longer than 930 milliseconds.",231,157,11,33,http://localhost:8083/?token=492552074&user=2129825963&config=1,1481,0,0
1727431638712,1498,conf1,200,OK,conf1 1-9,text,false,"The operation lasted too long: It took 1,498 milliseconds, but should not have lasted longer than 930 milliseconds.",231,157,11,33,http://localhost:8083/?token=492552074&user=2129825963&config=1,1498,0,0
1727431638701,1509,conf1,200,OK,conf1 1-4,text,false,"The operation lasted too long: It took 1,509 milliseconds, but should not have lasted longer than 930 milliseconds.",231,157,11,33,http://localhost:8083/?token=492552074&user=2129825963&config=1,1509,0,0
1727431638736,1637,conf1,200,OK,conf1 1-3,text,false,"The operation lasted too long: It took 1,637 milliseconds, but should not have lasted longer than 930 milliseconds.",231,157,11,33,http://localhost:8083/?token=492552074&user=2129825963&config=1,1637,0,0
1727431638917,1501,conf1,200,OK,conf1 1-8,text,false,"The operation lasted too long: It took 1,501 milliseconds, but should not have lasted longer than 930 milliseconds.",231,157,11,33,http://localhost:8083/?token=492552074&user=2129825963&config=1,1501,0,0
1727431638954,1505,conf1,200,OK,conf1 1-1,text,false,"The operation lasted too long: It took 1,505 milliseconds, but should not have lasted longer than 930 milliseconds.",231,157,11,33,http://localhost:8083/?token=492552074&user=2129825963&config=1,1505,0,0
1727431638954,1505,conf1,200,OK,conf1 1-6,text,false,"The operation lasted too long: It took 1,505 milliseconds, but should not have lasted longer than 930 milliseconds.",231,157,11,33,http://localhost:8083/?token=492552074&user=2129825963&config=1,1505,0,0
1727431638955,1542,conf1,200,OK,conf1 1-7,text,false,"The operation lasted too long: It took 1,542 milliseconds, but should not have lasted longer than 930 milliseconds.",231,157,11,33,http://localhost:8083/?token=492552074&user=2129825963&config=1,1542,0,0
1727431638955,1543,conf1,200,OK,conf1 1-11,text,false,"The operation lasted too long: It took 1,543 milliseconds, but should not have lasted longer than 930 milliseconds.",231,157,11,33,http://localhost:8083/?token=492552074&user=2129825963&config=1,1543,0,0
1727431638954,1817,conf1,200,OK,conf1 1-2,text,false,"The operation lasted too long: It took 1,817 milliseconds, but should not have lasted longer than 930 milliseconds.",231,157,11,33,http://localhost:8083/?token=492552074&user=2129825963&config=1,1817,0,0
1727431640172,657,conf3,200,OK,conf3 3-9,text,true,,231,157,11,33,http://localhost:8083/?token=492552074&user=2129825963&config=3,657,0,0
1727431640170,673,conf3,200,OK,conf3 3-1,text,true,,231,157,11,33,http://localhost:8083/?token=492552074&user=2129825963&config=3,673,0,0
1727431640170,673,conf3,200,OK,conf3 3-2,text,true,,231,157,11,33,http://localhost:8083/?token=492552074&user=2129825963&config=3,673,0,0
1727431640171,675,conf3,200,OK,conf3 3-7,text,true,,231,157,11,33,http://localhost:8083/?token=492552074&user=2129825963&config=3,675,0,0
1727431640170,676,conf3,200,OK,conf3 3-4,text,true,,231,157,11,33,http://localhost:8083/?token=492552074&user=2129825963&config=3,676,0,0
1727431640172,675,conf3,200,OK,conf3 3-10,text,true,,231,157,11,33,http://localhost:8083/?token=492552074&user=2129825963&config=3,675,0,0
1727431640170,689,conf3,200,OK,conf3 3-6,text,true,,231,157,11,33,http://localhost:8083/?token=492552074&user=2129825963&config=3,689,0,0
1727431640171,688,conf3,200,OK,conf3 3-8,text,true,,231,157,11,33,http://localhost:8083/?token=492552074&user=2129825963&config=3,688,0,0
1727431640172,687,conf3,200,OK,conf3 3-11,text,true,,231,157,11,33,http://localhost:8083/?token=492552074&user=2129825963&config=3,687,0,0
1727431640170,689,conf3,200,OK,conf3 3-5,text,true,,231,157,11,33,http://localhost:8083/?token=492552074&user=2129825963&config=3,689,0,0
1727431639321,1538,conf1,200,OK,conf1 1-5,text,false,"The operation lasted too long: It took 1,538 milliseconds, but should not have lasted longer than 930 milliseconds.",231,157,11,33,http://localhost:8083/?token=492552074&user=2129825963&config=1,1538,0,0
1727431640170,738,conf3,200,OK,conf3 3-3,text,true,,231,157,11,33,http://localhost:8083/?token=492552074&user=2129825963&config=3,738,0,0
1727431640170,1067,conf2,200,OK,conf2 2-8,text,false,"The operation lasted too long: It took 1,067 milliseconds, but should not have lasted longer than 930 milliseconds.",231,157,11,33,http://localhost:8083/?token=492552074&user=2129825963&config=2,1067,0,0
1727431640167,1070,conf2,200,OK,conf2 2-4,text,false,"The operation lasted too long: It took 1,070 milliseconds, but should not have lasted longer than 930 milliseconds.",231,157,11,33,http://localhost:8083/?token=492552074&user=2129825963&config=2,1070,0,0
1727431640169,1069,conf2,200,OK,conf2 2-2,text,false,"The operation lasted too long: It took 1,069 milliseconds, but should not have lasted longer than 930 milliseconds.",231,157,11,33,http://localhost:8083/?token=492552074&user=2129825963&config=2,1069,0,0
1727431640167,1071,conf2,200,OK,conf2 2-1,text,false,"The operation lasted too long: It took 1,071 milliseconds, but should not have lasted longer than 930 milliseconds.",231,157,11,33,http://localhost:8083/?token=492552074&user=2129825963&config=2,1071,0,0
1727431640169,1068,conf2,200,OK,conf2 2-6,text,false,"The operation lasted too long: It took 1,068 milliseconds, but should not have lasted longer than 930 milliseconds.",231,157,11,33,http://localhost:8083/?token=492552074&user=2129825963&config=2,1068,0,0
1727431640169,1069,conf2,200,OK,conf2 2-7,text,false,"The operation lasted too long: It took 1,069 milliseconds, but should not have lasted longer than 930 milliseconds.",231,157,11,33,http://localhost:8083/?token=492552074&user=2129825963&config=2,1069,0,0
1727431640170,1106,conf2,200,OK,conf2 2-10,text,false,"The operation lasted too long: It took 1,106 milliseconds, but should not have lasted longer than 930 milliseconds.",231,157,11,33,http://localhost:8083/?token=492552074&user=2129825963&config=2,1106,0,0
1727431640169,1107,conf2,200,OK,conf2 2-11,text,false,"The operation lasted too long: It took 1,107 milliseconds, but should not have lasted longer than 930 milliseconds.",231,157,11,33,http://localhost:8083/?token=492552074&user=2129825963&config=2,1106,0,0
1727431640169,1108,conf2,200,OK,conf2 2-3,text,false,"The operation lasted too long: It took 1,108 milliseconds, but should not have lasted longer than 930 milliseconds.",231,157,11,33,http://localhost:8083/?token=492552074&user=2129825963&config=2,1108,0,0
1727431640170,1107,conf2,200,OK,conf2 2-9,text,false,"The operation lasted too long: It took 1,107 milliseconds, but should not have lasted longer than 930 milliseconds.",231,157,11,33,http://localhost:8083/?token=492552074&user=2129825963&config=2,1107,0,0
1727431640169,1108,conf2,200,OK,conf2 2-5,text,false,"The operation lasted too long: It took 1,108 milliseconds, but should not have lasted longer than 930 milliseconds.",231,157,11,33,http://localhost:8083/?token=492552074&user=2129825963&config=2,1108,0,0
1727431640211,1487,conf1,200,OK,conf1 1-4,text,false,"The operation lasted too long: It took 1,487 milliseconds, but should not have lasted longer than 930 milliseconds.",231,157,11,33,http://localhost:8083/?token=492552074&user=2129825963&config=1,1487,0,0
1727431640212,1505,conf1,200,OK,conf1 1-9,text,false,"The operation lasted too long: It took 1,505 milliseconds, but should not have lasted longer than 930 milliseconds.",231,157,11,33,http://localhost:8083/?token=492552074&user=2129825963&config=1,1505,0,0
1727431640215,1613,conf1,200,OK,conf1 1-10,text,false,"The operation lasted too long: It took 1,613 milliseconds, but should not have lasted longer than 930 milliseconds.",231,157,11,33,http://localhost:8083/?token=492552074&user=2129825963&config=1,1613,0,0
1727431640374,1502,conf1,200,OK,conf1 1-3,text,false,"The operation lasted too long: It took 1,502 milliseconds, but should not have lasted longer than 930 milliseconds.",231,157,11,33,http://localhost:8083/?token=492552074&user=2129825963&config=1,1502,0,0
1727431640419,1503,conf1,200,OK,conf1 1-8,text,false,"The operation lasted too long: It took 1,503 milliseconds, but should not have lasted longer than 930 milliseconds.",231,157,11,33,http://localhost:8083/?token=492552074&user=2129825963&config=1,1503,0,0
1727431640460,1505,conf1,200,OK,conf1 1-1,text,false,"The operation lasted too long: It took 1,505 milliseconds, but should not have lasted longer than 930 milliseconds.",231,157,11,33,http://localhost:8083/?token=492552074&user=2129825963&config=1,1505,0,0
1727431640460,1538,conf1,200,OK,conf1 1-6,text,false,"The operation lasted too long: It took 1,538 milliseconds, but should not have lasted longer than 930 milliseconds.",231,157,11,33,http://localhost:8083/?token=492552074&user=2129825963&config=1,1538,0,0
1727431640503,1532,conf1,200,OK,conf1 1-7,text,false,"The operation lasted too long: It took 1,532 milliseconds, but should not have lasted longer than 930 milliseconds.",231,157,11,33,http://localhost:8083/?token=492552074&user=2129825963&config=1,1532,0,0
1727431640503,1741,conf1,200,OK,conf1 1-11,text,false,"The operation lasted too long: It took 1,741 milliseconds, but should not have lasted longer than 930 milliseconds.",231,157,11,33,http://localhost:8083/?token=492552074&user=2129825963&config=1,1741,0,0
1727431640775,1530,conf1,200,OK,conf1 1-2,text,false,"The operation lasted too long: It took 1,530 milliseconds, but should not have lasted longer than 930 milliseconds.",231,157,11,33,http://localhost:8083/?token=492552074&user=2129825963&config=1,1530,0,0
1727431640860,1544,conf1,200,OK,conf1 1-5,text,false,"The operation lasted too long: It took 1,544 milliseconds, but should not have lasted longer than 930 milliseconds.",231,157,11,33,http://localhost:8083/?token=492552074&user=2129825963&config=1,1544,0,0
1727431641670,791,conf3,200,OK,conf3 3-5,text,true,,231,157,11,33,http://localhost:8083/?token=492552074&user=2129825963&config=3,791,0,0
1727431641670,825,conf3,200,OK,conf3 3-3,text,true,,231,157,11,33,http://localhost:8083/?token=492552074&user=2129825963&config=3,825,0,0
1727431641670,825,conf3,200,OK,conf3 3-6,text,true,,231,157,11,33,http://localhost:8083/?token=492552074&user=2129825963&config=3,825,0,0
1727431641670,825,conf3,200,OK,conf3 3-4,text,true,,231,157,11,33,http://localhost:8083/?token=492552074&user=2129825963&config=3,825,0,0
1727431641670,850,conf3,200,OK,conf3 3-2,text,true,,231,157,11,33,http://localhost:8083/?token=492552074&user=2129825963&config=3,850,0,0
1727431641669,851,conf3,200,OK,conf3 3-1,text,true,,231,157,11,33,http://localhost:8083/?token=492552074&user=2129825963&config=3,851,0,0
1727431641670,851,conf3,200,OK,conf3 3-11,text,true,,231,157,11,33,http://localhost:8083/?token=492552074&user=2129825963&config=3,851,0,0
1727431641670,851,conf3,200,OK,conf3 3-10,text,true,,231,157,11,33,http://localhost:8083/?token=492552074&user=2129825963&config=3,851,0,0
1727431641670,851,conf3,200,OK,conf3 3-9,text,true,,231,157,11,33,http://localhost:8083/?token=492552074&user=2129825963&config=3,851,0,0
1727431641670,985,conf3,200,OK,conf3 3-8,text,false,"The operation lasted too long: It took 985 milliseconds, but should not have lasted longer than 930 milliseconds.",231,157,11,33,http://localhost:8083/?token=492552074&user=2129825963&config=3,985,0,0
1727431641670,985,conf3,200,OK,conf3 3-7,text,false,"The operation lasted too long: It took 985 milliseconds, but should not have lasted longer than 930 milliseconds.",231,157,11,33,http://localhost:8083/?token=492552074&user=2129825963&config=3,985,0,0
1727431641667,1196,conf2,200,OK,conf2 2-4,text,false,"The operation lasted too long: It took 1,196 milliseconds, but should not have lasted longer than 930 milliseconds.",231,157,11,33,http://localhost:8083/?token=492552074&user=2129825963&config=2,1196,0,0
1727431641666,1227,conf2,200,OK,conf2 2-3,text,false,"The operation lasted too long: It took 1,227 milliseconds, but should not have lasted longer than 930 milliseconds.",231,157,11,33,http://localhost:8083/?token=492552074&user=2129825963&config=2,1227,0,0
1727431641669,1224,conf2,200,OK,conf2 2-8,text,false,"The operation lasted too long: It took 1,224 milliseconds, but should not have lasted longer than 930 milliseconds.",231,157,11,33,http://localhost:8083/?token=492552074&user=2129825963&config=2,1224,0,0
1727431641667,1227,conf2,200,OK,conf2 2-7,text,false,"The operation lasted too long: It took 1,227 milliseconds, but should not have lasted longer than 930 milliseconds.",231,157,11,33,http://localhost:8083/?token=492552074&user=2129825963&config=2,1227,0,0
1727431641666,1228,conf2,200,OK,conf2 2-1,text,false,"The operation lasted too long: It took 1,228 milliseconds, but should not have lasted longer than 930 milliseconds.",231,157,11,33,http://localhost:8083/?token=492552074&user=2129825963&config=2,1228,0,0
1727431641669,1257,conf2,200,OK,conf2 2-10,text,false,"The operation lasted too long: It took 1,257 milliseconds, but should not have lasted longer than 930 milliseconds.",231,157,11,33,http://localhost:8083/?token=492552074&user=2129825963&config=2,1257,0,0
1727431641668,1257,conf2,200,OK,conf2 2-6,text,false,"The operation lasted too long: It took 1,257 milliseconds, but should not have lasted longer than 930 milliseconds.",231,157,11,33,http://localhost:8083/?token=492552074&user=2129825963&config=2,1257,0,0
1727431641667,1260,conf2,200,OK,conf2 2-9,text,false,"The operation lasted too long: It took 1,260 milliseconds, but should not have lasted longer than 930 milliseconds.",231,157,11,33,http://localhost:8083/?token=492552074&user=2129825963&config=2,1260,0,0
1727431641667,1262,conf2,200,OK,conf2 2-5,text,false,"The operation lasted too long: It took 1,262 milliseconds, but should not have lasted longer than 930 milliseconds.",231,157,11,33,http://localhost:8083/?token=492552074&user=2129825963&config=2,1262,0,0
1727431641667,1262,conf2,200,OK,conf2 2-2,text,false,"The operation lasted too long: It took 1,262 milliseconds, but should not have lasted longer than 930 milliseconds.",231,157,11,33,http://localhost:8083/?token=492552074&user=2129825963&config=2,1262,0,0
1727431641669,1290,conf2,200,OK,conf2 2-11,text,false,"The operation lasted too long: It took 1,290 milliseconds, but should not have lasted longer than 930 milliseconds.",231,157,11,33,http://localhost:8083/?token=492552074&user=2129825963&config=2,1290,0,0
1727431641718,1566,conf1,200,OK,conf1 1-9,text,false,"The operation lasted too long: It took 1,566 milliseconds, but should not have lasted longer than 930 milliseconds.",231,157,11,33,http://localhost:8083/?token=492552074&user=2129825963&config=1,1566,0,0
1727431641830,1454,conf1,200,OK,conf1 1-10,text,false,"The operation lasted too long: It took 1,454 milliseconds, but should not have lasted longer than 930 milliseconds.",231,157,11,33,http://localhost:8083/?token=492552074&user=2129825963&config=1,1454,0,0
1727431641712,1604,conf1,200,OK,conf1 1-4,text,false,"The operation lasted too long: It took 1,604 milliseconds, but should not have lasted longer than 930 milliseconds.",231,157,11,33,http://localhost:8083/?token=492552074&user=2129825963&config=1,1603,0,0
1727431641878,1503,conf1,200,OK,conf1 1-3,text,false,"The operation lasted too long: It took 1,503 milliseconds, but should not have lasted longer than 930 milliseconds.",231,157,11,33,http://localhost:8083/?token=492552074&user=2129825963&config=1,1503,0,0
1727431641926,1503,conf1,200,OK,conf1 1-8,text,false,"The operation lasted too long: It took 1,503 milliseconds, but should not have lasted longer than 930 milliseconds.",231,157,11,33,http://localhost:8083/?token=492552074&user=2129825963&config=1,1503,0,0
1727431641966,1503,conf1,200,OK,conf1 1-1,text,false,"The operation lasted too long: It took 1,503 milliseconds, but should not have lasted longer than 930 milliseconds.",231,157,11,33,http://localhost:8083/?token=492552074&user=2129825963&config=1,1503,0,0
1727431641999,1508,conf1,200,OK,conf1 1-6,text,false,"The operation lasted too long: It took 1,508 milliseconds, but should not have lasted longer than 930 milliseconds.",231,157,11,33,http://localhost:8083/?token=492552074&user=2129825963&config=1,1508,0,0
1727431642036,1682,conf1,200,OK,conf1 1-7,text,false,"The operation lasted too long: It took 1,682 milliseconds, but should not have lasted longer than 930 milliseconds.",231,157,11,33,http://localhost:8083/?token=492552074&user=2129825963&config=1,1682,0,0
1727431642246,1533,conf1,200,OK,conf1 1-11,text,false,"The operation lasted too long: It took 1,533 milliseconds, but should not have lasted longer than 930 milliseconds.",231,157,11,33,http://localhost:8083/?token=492552074&user=2129825963&config=1,1533,0,0
1727431643171,647,conf3,200,OK,conf3 3-3,text,true,,231,157,11,33,http://localhost:8083/?token=492552074&user=2129825963&config=3,647,0,0
1727431643171,648,conf3,200,OK,conf3 3-5,text,true,,231,157,11,33,http://localhost:8083/?token=492552074&user=2129825963&config=3,648,0,0
1727431643171,648,conf3,200,OK,conf3 3-6,text,true,,231,157,11,33,http://localhost:8083/?token=492552074&user=2129825963&config=3,648,0,0
1727431643172,683,conf3,200,OK,conf3 3-1,text,true,,231,157,11,33,http://localhost:8083/?token=492552074&user=2129825963&config=3,683,0,0
1727431643172,683,conf3,200,OK,conf3 3-8,text,true,,231,157,11,33,http://localhost:8083/?token=492552074&user=2129825963&config=3,683,0,0
1727431643173,682,conf3,200,OK,conf3 3-9,text,true,,231,157,11,33,http://localhost:8083/?token=492552074&user=2129825963&config=3,682,0,0
1727431643173,682,conf3,200,OK,conf3 3-11,text,true,,231,157,11,33,http://localhost:8083/?token=492552074&user=2129825963&config=3,682,0,0
1727431643171,684,conf3,200,OK,conf3 3-2,text,true,,231,157,11,33,http://localhost:8083/?token=492552074&user=2129825963&config=3,684,0,0
1727431642309,1582,conf1,200,OK,conf1 1-2,text,false,"The operation lasted too long: It took 1,582 milliseconds, but should not have lasted longer than 930 milliseconds.",231,157,11,33,http://localhost:8083/?token=492552074&user=2129825963&config=1,1582,0,0
1727431643172,720,conf3,200,OK,conf3 3-7,text,true,,231,157,11,33,http://localhost:8083/?token=492552074&user=2129825963&config=3,720,0,0
1727431643174,719,conf3,200,OK,conf3 3-10,text,true,,231,157,11,33,http://localhost:8083/?token=492552074&user=2129825963&config=3,719,0,0
1727431643171,756,conf3,200,OK,conf3 3-4,text,true,,231,157,11,33,http://localhost:8083/?token=492552074&user=2129825963&config=3,756,0,0
1727431642405,1559,conf1,200,OK,conf1 1-5,text,false,"The operation lasted too long: It took 1,559 milliseconds, but should not have lasted longer than 930 milliseconds.",231,157,11,33,http://localhost:8083/?token=492552074&user=2129825963&config=1,1559,0,0
1727431643170,1028,conf2,200,OK,conf2 2-4,text,false,"The operation lasted too long: It took 1,028 milliseconds, but should not have lasted longer than 930 milliseconds.",231,157,11,33,http://localhost:8083/?token=492552074&user=2129825963&config=2,1028,0,0
1727431643171,1056,conf2,200,OK,conf2 2-11,text,false,"The operation lasted too long: It took 1,056 milliseconds, but should not have lasted longer than 930 milliseconds.",231,157,11,33,http://localhost:8083/?token=492552074&user=2129825963&config=2,1056,0,0
1727431643172,1056,conf2,200,OK,conf2 2-8,text,false,"The operation lasted too long: It took 1,056 milliseconds, but should not have lasted longer than 930 milliseconds.",231,157,11,33,http://localhost:8083/?token=492552074&user=2129825963&config=2,1056,0,0
1727431643168,1060,conf2,200,OK,conf2 2-1,text,false,"The operation lasted too long: It took 1,060 milliseconds, but should not have lasted longer than 930 milliseconds.",231,157,11,33,http://localhost:8083/?token=492552074&user=2129825963&config=2,1060,0,0
1727431643170,1058,conf2,200,OK,conf2 2-7,text,false,"The operation lasted too long: It took 1,058 milliseconds, but should not have lasted longer than 930 milliseconds.",231,157,11,33,http://localhost:8083/?token=492552074&user=2129825963&config=2,1058,0,0
1727431643170,1057,conf2,200,OK,conf2 2-5,text,false,"The operation lasted too long: It took 1,057 milliseconds, but should not have lasted longer than 930 milliseconds.",231,157,11,33,http://localhost:8083/?token=492552074&user=2129825963&config=2,1056,0,0
1727431643168,1193,conf2,200,OK,conf2 2-3,text,false,"The operation lasted too long: It took 1,193 milliseconds, but should not have lasted longer than 930 milliseconds.",231,157,11,33,http://localhost:8083/?token=492552074&user=2129825963&config=2,1193,0,0
1727431643171,1190,conf2,200,OK,conf2 2-10,text,false,"The operation lasted too long: It took 1,190 milliseconds, but should not have lasted longer than 930 milliseconds.",231,157,11,33,http://localhost:8083/?token=492552074&user=2129825963&config=2,1190,0,0
1727431643170,1192,conf2,200,OK,conf2 2-6,text,false,"The operation lasted too long: It took 1,192 milliseconds, but should not have lasted longer than 930 milliseconds.",231,157,11,33,http://localhost:8083/?token=492552074&user=2129825963&config=2,1192,0,0
1727431643171,1191,conf2,200,OK,conf2 2-9,text,false,"The operation lasted too long: It took 1,191 milliseconds, but should not have lasted longer than 930 milliseconds.",231,157,11,33,http://localhost:8083/?token=492552074&user=2129825963&config=2,1191,0,0
1727431643170,1193,conf2,200,OK,conf2 2-2,text,false,"The operation lasted too long: It took 1,193 milliseconds, but should not have lasted longer than 930 milliseconds.",231,157,11,33,http://localhost:8083/?token=492552074&user=2129825963&config=2,1193,0,0
1727431643286,1485,conf1,200,OK,conf1 1-9,text,false,"The operation lasted too long: It took 1,485 milliseconds, but should not have lasted longer than 930 milliseconds.",231,157,11,33,http://localhost:8083/?token=492552074&user=2129825963&config=1,1485,0,0
1727431643318,1491,conf1,200,OK,conf1 1-4,text,false,"The operation lasted too long: It took 1,491 milliseconds, but should not have lasted longer than 930 milliseconds.",231,157,11,33,http://localhost:8083/?token=492552074&user=2129825963&config=1,1491,0,0
1727431643335,1507,conf1,200,OK,conf1 1-10,text,false,"The operation lasted too long: It took 1,507 milliseconds, but should not have lasted longer than 930 milliseconds.",231,157,11,33,http://localhost:8083/?token=492552074&user=2129825963&config=1,1507,0,0
1727431643384,1503,conf1,200,OK,conf1 1-3,text,false,"The operation lasted too long: It took 1,503 milliseconds, but should not have lasted longer than 930 milliseconds.",231,157,11,33,http://localhost:8083/?token=492552074&user=2129825963&config=1,1503,0,0
1727431643432,1502,conf1,200,OK,conf1 1-8,text,false,"The operation lasted too long: It took 1,502 milliseconds, but should not have lasted longer than 930 milliseconds.",231,157,11,33,http://localhost:8083/?token=492552074&user=2129825963&config=1,1502,0,0
1727431643469,1505,conf1,200,OK,conf1 1-1,text,false,"The operation lasted too long: It took 1,505 milliseconds, but should not have lasted longer than 930 milliseconds.",231,157,11,33,http://localhost:8083/?token=492552074&user=2129825963&config=1,1505,0,0
1727431643507,1677,conf1,200,OK,conf1 1-6,text,false,"The operation lasted too long: It took 1,677 milliseconds, but should not have lasted longer than 930 milliseconds.",231,157,11,33,http://localhost:8083/?token=492552074&user=2129825963&config=1,1677,0,0
1727431643720,1531,conf1,200,OK,conf1 1-7,text,false,"The operation lasted too long: It took 1,531 milliseconds, but should not have lasted longer than 930 milliseconds.",231,157,11,33,http://localhost:8083/?token=492552074&user=2129825963&config=1,1531,0,0
1727431643780,1516,conf1,200,OK,conf1 1-11,text,false,"The operation lasted too long: It took 1,516 milliseconds, but should not have lasted longer than 930 milliseconds.",231,157,11,33,http://localhost:8083/?token=492552074&user=2129825963&config=1,1516,0,0
1727431644668,665,conf3,200,OK,conf3 3-1,text,true,,231,157,11,33,http://localhost:8083/?token=492552074&user=2129825963&config=3,665,0,0
1727431644669,665,conf3,200,OK,conf3 3-2,text,true,,231,157,11,33,http://localhost:8083/?token=492552074&user=2129825963&config=3,664,0,0
1727431644669,665,conf3,200,OK,conf3 3-3,text,true,,231,157,11,33,http://localhost:8083/?token=492552074&user=2129825963&config=3,665,0,0
1727431644669,682,conf3,200,OK,conf3 3-5,text,true,,231,157,11,33,http://localhost:8083/?token=492552074&user=2129825963&config=3,682,0,0
1727431644670,681,conf3,200,OK,conf3 3-6,text,true,,231,157,11,33,http://localhost:8083/?token=492552074&user=2129825963&config=3,681,0,0
1727431644669,683,conf3,200,OK,conf3 3-8,text,true,,231,157,11,33,http://localhost:8083/?token=492552074&user=2129825963&config=3,682,0,0
1727431644669,683,conf3,200,OK,conf3 3-9,text,true,,231,157,11,33,http://localhost:8083/?token=492552074&user=2129825963&config=3,683,0,0
1727431644670,682,conf3,200,OK,conf3 3-4,text,true,,231,157,11,33,http://localhost:8083/?token=492552074&user=2129825963&config=3,682,0,0
1727431644669,716,conf3,200,OK,conf3 3-7,text,true,,231,157,11,33,http://localhost:8083/?token=492552074&user=2129825963&config=3,716,0,0
1727431644672,713,conf3,200,OK,conf3 3-10,text,true,,231,157,11,33,http://localhost:8083/?token=492552074&user=2129825963&config=3,713,0,0
1727431643893,1525,conf1,200,OK,conf1 1-2,text,false,"The operation lasted too long: It took 1,525 milliseconds, but should not have lasted longer than 930 milliseconds.",231,157,11,33,http://localhost:8083/?token=492552074&user=2129825963&config=1,1525,0,0
1727431644672,748,conf3,200,OK,conf3 3-11,text,true,,231,157,11,33,http://localhost:8083/?token=492552074&user=2129825963&config=3,748,0,0
1727431643965,1520,conf1,200,OK,conf1 1-5,text,false,"The operation lasted too long: It took 1,520 milliseconds, but should not have lasted longer than 930 milliseconds.",231,157,11,33,http://localhost:8083/?token=492552074&user=2129825963&config=1,1520,0,0
1727431644666,1024,conf2,200,OK,conf2 2-1,text,false,"The operation lasted too long: It took 1,024 milliseconds, but should not have lasted longer than 930 milliseconds.",231,157,11,33,http://localhost:8083/?token=492552074&user=2129825963&config=2,1024,0,0
1727431644667,1043,conf2,200,OK,conf2 2-3,text,false,"The operation lasted too long: It took 1,043 milliseconds, but should not have lasted longer than 930 milliseconds.",231,157,11,33,http://localhost:8083/?token=492552074&user=2129825963&config=2,1043,0,0
1727431644666,1045,conf2,200,OK,conf2 2-8,text,false,"The operation lasted too long: It took 1,045 milliseconds, but should not have lasted longer than 930 milliseconds.",231,157,11,33,http://localhost:8083/?token=492552074&user=2129825963&config=2,1045,0,0
1727431644667,1044,conf2,200,OK,conf2 2-4,text,false,"The operation lasted too long: It took 1,044 milliseconds, but should not have lasted longer than 930 milliseconds.",231,157,11,33,http://localhost:8083/?token=492552074&user=2129825963&config=2,1044,0,0
1727431644667,1043,conf2,200,OK,conf2 2-6,text,false,"The operation lasted too long: It took 1,043 milliseconds, but should not have lasted longer than 930 milliseconds.",231,157,11,33,http://localhost:8083/?token=492552074&user=2129825963&config=2,1043,0,0
1727431644667,1044,conf2,200,OK,conf2 2-2,text,false,"The operation lasted too long: It took 1,044 milliseconds, but should not have lasted longer than 930 milliseconds.",231,157,11,33,http://localhost:8083/?token=492552074&user=2129825963&config=2,1044,0,0
1727431644667,1178,conf2,200,OK,conf2 2-9,text,false,"The operation lasted too long: It took 1,178 milliseconds, but should not have lasted longer than 930 milliseconds.",231,157,11,33,http://localhost:8083/?token=492552074&user=2129825963&config=2,1178,0,0
1727431644667,1178,conf2,200,OK,conf2 2-11,text,false,"The operation lasted too long: It took 1,178 milliseconds, but should not have lasted longer than 930 milliseconds.",231,157,11,33,http://localhost:8083/?token=492552074&user=2129825963&config=2,1178,0,0
1727431644667,1179,conf2,200,OK,conf2 2-7,text,false,"The operation lasted too long: It took 1,179 milliseconds, but should not have lasted longer than 930 milliseconds.",231,157,11,33,http://localhost:8083/?token=492552074&user=2129825963&config=2,1179,0,0
1727431644667,1179,conf2,200,OK,conf2 2-5,text,false,"The operation lasted too long: It took 1,179 milliseconds, but should not have lasted longer than 930 milliseconds.",231,157,11,33,http://localhost:8083/?token=492552074&user=2129825963&config=2,1179,0,0
1727431644667,1179,conf2,200,OK,conf2 2-10,text,false,"The operation lasted too long: It took 1,179 milliseconds, but should not have lasted longer than 930 milliseconds.",231,157,11,33,http://localhost:8083/?token=492552074&user=2129825963&config=2,1179,0,0
1727431644788,1520,conf1,200,OK,conf1 1-9,text,false,"The operation lasted too long: It took 1,520 milliseconds, but should not have lasted longer than 930 milliseconds.",231,157,11,33,http://localhost:8083/?token=492552074&user=2129825963&config=1,1519,0,0
1727431644843,1502,conf1,200,OK,conf1 1-10,text,false,"The operation lasted too long: It took 1,502 milliseconds, but should not have lasted longer than 930 milliseconds.",231,157,11,33,http://localhost:8083/?token=492552074&user=2129825963&config=1,1502,0,0
1727431644819,1526,conf1,200,OK,conf1 1-4,text,false,"The operation lasted too long: It took 1,526 milliseconds, but should not have lasted longer than 930 milliseconds.",231,157,11,33,http://localhost:8083/?token=492552074&user=2129825963&config=1,1526,0,0
1727431644890,1502,conf1,200,OK,conf1 1-3,text,false,"The operation lasted too long: It took 1,502 milliseconds, but should not have lasted longer than 930 milliseconds.",231,157,11,33,http://localhost:8083/?token=492552074&user=2129825963&config=1,1502,0,0
1727431644935,1502,conf1,200,OK,conf1 1-8,text,false,"The operation lasted too long: It took 1,502 milliseconds, but should not have lasted longer than 930 milliseconds.",231,157,11,33,http://localhost:8083/?token=492552074&user=2129825963&config=1,1502,0,0
1727431644975,1686,conf1,200,OK,conf1 1-1,text,false,"The operation lasted too long: It took 1,686 milliseconds, but should not have lasted longer than 930 milliseconds.",231,157,11,33,http://localhost:8083/?token=492552074&user=2129825963&config=1,1686,0,0
1727431645186,1532,conf1,200,OK,conf1 1-6,text,false,"The operation lasted too long: It took 1,532 milliseconds, but should not have lasted longer than 930 milliseconds.",231,157,11,33,http://localhost:8083/?token=492552074&user=2129825963&config=1,1532,0,0
1727431645253,1516,conf1,200,OK,conf1 1-7,text,false,"The operation lasted too long: It took 1,516 milliseconds, but should not have lasted longer than 930 milliseconds.",231,157,11,33,http://localhost:8083/?token=492552074&user=2129825963&config=1,1515,0,0
1727431645298,1520,conf1,200,OK,conf1 1-11,text,false,"The operation lasted too long: It took 1,520 milliseconds, but should not have lasted longer than 930 milliseconds.",231,157,11,33,http://localhost:8083/?token=492552074&user=2129825963&config=1,1520,0,0
1727431646176,676,conf3,200,OK,conf3 3-1,text,true,,231,157,11,33,http://localhost:8083/?token=492552074&user=2129825963&config=3,676,0,0
1727431646176,676,conf3,200,OK,conf3 3-3,text,true,,231,157,11,33,http://localhost:8083/?token=492552074&user=2129825963&config=3,676,0,0
1727431646176,677,conf3,200,OK,conf3 3-8,text,true,,231,157,11,33,http://localhost:8083/?token=492552074&user=2129825963&config=3,677,0,0
1727431646176,677,conf3,200,OK,conf3 3-5,text,true,,231,157,11,33,http://localhost:8083/?token=492552074&user=2129825963&config=3,677,0,0
1727431646176,676,conf3,200,OK,conf3 3-2,text,true,,231,157,11,33,http://localhost:8083/?token=492552074&user=2129825963&config=3,676,0,0
1727431646176,710,conf3,200,OK,conf3 3-6,text,true,,231,157,11,33,http://localhost:8083/?token=492552074&user=2129825963&config=3,710,0,0
1727431646177,709,conf3,200,OK,conf3 3-11,text,true,,231,157,11,33,http://localhost:8083/?token=492552074&user=2129825963&config=3,709,0,0
1727431646176,710,conf3,200,OK,conf3 3-4,text,true,,231,157,11,33,http://localhost:8083/?token=492552074&user=2129825963&config=3,710,0,0
1727431646177,709,conf3,200,OK,conf3 3-9,text,true,,231,157,11,33,http://localhost:8083/?token=492552074&user=2129825963&config=3,709,0,0
1727431646177,710,conf3,200,OK,conf3 3-10,text,true,,231,157,11,33,http://localhost:8083/?token=492552074&user=2129825963&config=3,710,0,0
1727431646176,743,conf3,200,OK,conf3 3-7,text,true,,231,157,11,33,http://localhost:8083/?token=492552074&user=2129825963&config=3,742,0,0
1727431645420,1537,conf1,200,OK,conf1 1-2,text,false,"The operation lasted too long: It took 1,537 milliseconds, but should not have lasted longer than 930 milliseconds.",231,157,11,33,http://localhost:8083/?token=492552074&user=2129825963&config=1,1537,0,0
1727431645487,1526,conf1,200,OK,conf1 1-5,text,false,"The operation lasted too long: It took 1,526 milliseconds, but should not have lasted longer than 930 milliseconds.",231,157,11,33,http://localhost:8083/?token=492552074&user=2129825963&config=1,1526,0,0
1727431646164,1026,conf2,200,OK,conf2 2-5,text,false,"The operation lasted too long: It took 1,026 milliseconds, but should not have lasted longer than 930 milliseconds.",231,157,11,33,http://localhost:8083/?token=492552074&user=2129825963&config=2,1026,0,0
1727431646166,1045,conf2,200,OK,conf2 2-3,text,false,"The operation lasted too long: It took 1,045 milliseconds, but should not have lasted longer than 930 milliseconds.",231,157,11,33,http://localhost:8083/?token=492552074&user=2129825963&config=2,1045,0,0
1727431646165,1047,conf2,200,OK,conf2 2-8,text,false,"The operation lasted too long: It took 1,047 milliseconds, but should not have lasted longer than 930 milliseconds.",231,157,11,33,http://localhost:8083/?token=492552074&user=2129825963&config=2,1047,0,0
1727431646165,1047,conf2,200,OK,conf2 2-2,text,false,"The operation lasted too long: It took 1,047 milliseconds, but should not have lasted longer than 930 milliseconds.",231,157,11,33,http://localhost:8083/?token=492552074&user=2129825963&config=2,1047,0,0
1727431646166,1046,conf2,200,OK,conf2 2-1,text,false,"The operation lasted too long: It took 1,046 milliseconds, but should not have lasted longer than 930 milliseconds.",231,157,11,33,http://localhost:8083/?token=492552074&user=2129825963&config=2,1046,0,0
1727431646166,1047,conf2,200,OK,conf2 2-7,text,false,"The operation lasted too long: It took 1,047 milliseconds, but should not have lasted longer than 930 milliseconds.",231,157,11,33,http://localhost:8083/?token=492552074&user=2129825963&config=2,1047,0,0
1727431646176,1174,conf2,200,OK,conf2 2-11,text,false,"The operation lasted too long: It took 1,174 milliseconds, but should not have lasted longer than 930 milliseconds.",231,157,11,33,http://localhost:8083/?token=492552074&user=2129825963&config=2,1174,0,0
1727431646167,1185,conf2,200,OK,conf2 2-6,text,false,"The operation lasted too long: It took 1,185 milliseconds, but should not have lasted longer than 930 milliseconds.",231,157,11,33,http://localhost:8083/?token=492552074&user=2129825963&config=2,1185,0,0
1727431646176,1176,conf2,200,OK,conf2 2-10,text,false,"The operation lasted too long: It took 1,176 milliseconds, but should not have lasted longer than 930 milliseconds.",231,157,11,33,http://localhost:8083/?token=492552074&user=2129825963&config=2,1176,0,0
1727431646176,1176,conf2,200,OK,conf2 2-9,text,false,"The operation lasted too long: It took 1,176 milliseconds, but should not have lasted longer than 930 milliseconds.",231,157,11,33,http://localhost:8083/?token=492552074&user=2129825963&config=2,1176,0,0
1727431646167,1185,conf2,200,OK,conf2 2-4,text,false,"The operation lasted too long: It took 1,185 milliseconds, but should not have lasted longer than 930 milliseconds.",231,157,11,33,http://localhost:8083/?token=492552074&user=2129825963&config=2,1185,0,0
1727431646309,1555,conf1,200,OK,conf1 1-9,text,false,"The operation lasted too long: It took 1,555 milliseconds, but should not have lasted longer than 930 milliseconds.",231,157,11,33,http://localhost:8083/?token=492552074&user=2129825963&config=1,1555,0,0
1727431646346,1559,conf1,200,OK,conf1 1-4,text,false,"The operation lasted too long: It took 1,559 milliseconds, but should not have lasted longer than 930 milliseconds.",231,157,11,33,http://localhost:8083/?token=492552074&user=2129825963&config=1,1559,0,0
1727431646393,1512,conf1,200,OK,conf1 1-3,text,false,"The operation lasted too long: It took 1,512 milliseconds, but should not have lasted longer than 930 milliseconds.",231,157,11,33,http://localhost:8083/?token=492552074&user=2129825963&config=1,1512,0,0
1727431646346,1559,conf1,200,OK,conf1 1-10,text,false,"The operation lasted too long: It took 1,559 milliseconds, but should not have lasted longer than 930 milliseconds.",231,157,11,33,http://localhost:8083/?token=492552074&user=2129825963&config=1,1559,0,0
1727431646439,1673,conf1,200,OK,conf1 1-8,text,false,"The operation lasted too long: It took 1,673 milliseconds, but should not have lasted longer than 930 milliseconds.",231,157,11,33,http://localhost:8083/?token=492552074&user=2129825963&config=1,1673,0,0
1727431646664,1521,conf1,200,OK,conf1 1-1,text,false,"The operation lasted too long: It took 1,521 milliseconds, but should not have lasted longer than 930 milliseconds.",231,157,11,33,http://localhost:8083/?token=492552074&user=2129825963&config=1,1521,0,0
1727431646718,1517,conf1,200,OK,conf1 1-6,text,false,"The operation lasted too long: It took 1,517 milliseconds, but should not have lasted longer than 930 milliseconds.",231,157,11,33,http://localhost:8083/?token=492552074&user=2129825963&config=1,1517,0,0
1727431646770,1520,conf1,200,OK,conf1 1-7,text,false,"The operation lasted too long: It took 1,520 milliseconds, but should not have lasted longer than 930 milliseconds.",231,157,11,33,http://localhost:8083/?token=492552074&user=2129825963&config=1,1520,0,0
1727431647672,650,conf3,200,OK,conf3 3-3,text,true,,231,157,11,33,http://localhost:8083/?token=492552074&user=2129825963&config=3,650,0,0
1727431647672,650,conf3,200,OK,conf3 3-4,text,true,,231,157,11,33,http://localhost:8083/?token=492552074&user=2129825963&config=3,650,0,0
1727431647672,678,conf3,200,OK,conf3 3-5,text,true,,231,157,11,33,http://localhost:8083/?token=492552074&user=2129825963&config=3,678,0,0
1727431647673,677,conf3,200,OK,conf3 3-8,text,true,,231,157,11,33,http://localhost:8083/?token=492552074&user=2129825963&config=3,677,0,0
1727431646818,1532,conf1,200,OK,conf1 1-11,text,false,"The operation lasted too long: It took 1,532 milliseconds, but should not have lasted longer than 930 milliseconds.",231,157,11,33,http://localhost:8083/?token=492552074&user=2129825963&config=1,1532,0,0
1727431647673,677,conf3,200,OK,conf3 3-6,text,true,,231,157,11,33,http://localhost:8083/?token=492552074&user=2129825963&config=3,677,0,0
1727431647672,678,conf3,200,OK,conf3 3-11,text,true,,231,157,11,33,http://localhost:8083/?token=492552074&user=2129825963&config=3,678,0,0
1727431647672,715,conf3,200,OK,conf3 3-1,text,true,,231,157,11,33,http://localhost:8083/?token=492552074&user=2129825963&config=3,715,0,0
1727431647672,715,conf3,200,OK,conf3 3-2,text,true,,231,157,11,33,http://localhost:8083/?token=492552074&user=2129825963&config=3,715,0,0
1727431647672,715,conf3,200,OK,conf3 3-10,text,true,,231,157,11,33,http://localhost:8083/?token=492552074&user=2129825963&config=3,715,0,0
1727431647672,715,conf3,200,OK,conf3 3-9,text,true,,231,157,11,33,http://localhost:8083/?token=492552074&user=2129825963&config=3,715,0,0
1727431647673,777,conf3,200,OK,conf3 3-7,text,true,,231,157,11,33,http://localhost:8083/?token=492552074&user=2129825963&config=3,777,0,0
1727431646959,1528,conf1,200,OK,conf1 1-2,text,false,"The operation lasted too long: It took 1,528 milliseconds, but should not have lasted longer than 930 milliseconds.",231,157,11,33,http://localhost:8083/?token=492552074&user=2129825963&config=1,1528,0,0
1727431647015,1521,conf1,200,OK,conf1 1-5,text,false,"The operation lasted too long: It took 1,521 milliseconds, but should not have lasted longer than 930 milliseconds.",231,157,11,33,http://localhost:8083/?token=492552074&user=2129825963&config=1,1521,0,0
1727431647670,1037,conf2,200,OK,conf2 2-4,text,false,"The operation lasted too long: It took 1,037 milliseconds, but should not have lasted longer than 930 milliseconds.",231,157,11,33,http://localhost:8083/?token=492552074&user=2129825963&config=2,1037,0,0
1727431647672,1061,conf2,200,OK,conf2 2-8,text,false,"The operation lasted too long: It took 1,061 milliseconds, but should not have lasted longer than 930 milliseconds.",231,157,11,33,http://localhost:8083/?token=492552074&user=2129825963&config=2,1061,0,0
1727431647672,1061,conf2,200,OK,conf2 2-9,text,false,"The operation lasted too long: It took 1,061 milliseconds, but should not have lasted longer than 930 milliseconds.",231,157,11,33,http://localhost:8083/?token=492552074&user=2129825963&config=2,1061,0,0
1727431647672,1062,conf2,200,OK,conf2 2-7,text,false,"The operation lasted too long: It took 1,062 milliseconds, but should not have lasted longer than 930 milliseconds.",231,157,11,33,http://localhost:8083/?token=492552074&user=2129825963&config=2,1062,0,0
1727431647672,1062,conf2,200,OK,conf2 2-1,text,false,"The operation lasted too long: It took 1,062 milliseconds, but should not have lasted longer than 930 milliseconds.",231,157,11,33,http://localhost:8083/?token=492552074&user=2129825963&config=2,1062,0,0
1727431647672,1061,conf2,200,OK,conf2 2-3,text,false,"The operation lasted too long: It took 1,061 milliseconds, but should not have lasted longer than 930 milliseconds.",231,157,11,33,http://localhost:8083/?token=492552074&user=2129825963&config=2,1061,0,0
1727431647672,1093,conf2,200,OK,conf2 2-11,text,false,"The operation lasted too long: It took 1,093 milliseconds, but should not have lasted longer than 930 milliseconds.",231,157,11,33,http://localhost:8083/?token=492552074&user=2129825963&config=2,1093,0,0
1727431647672,1093,conf2,200,OK,conf2 2-10,text,false,"The operation lasted too long: It took 1,093 milliseconds, but should not have lasted longer than 930 milliseconds.",231,157,11,33,http://localhost:8083/?token=492552074&user=2129825963&config=2,1093,0,0
1727431647672,1093,conf2,200,OK,conf2 2-6,text,false,"The operation lasted too long: It took 1,093 milliseconds, but should not have lasted longer than 930 milliseconds.",231,157,11,33,http://localhost:8083/?token=492552074&user=2129825963&config=2,1093,0,0
1727431647672,1094,conf2,200,OK,conf2 2-5,text,false,"The operation lasted too long: It took 1,094 milliseconds, but should not have lasted longer than 930 milliseconds.",231,157,11,33,http://localhost:8083/?token=492552074&user=2129825963&config=2,1094,0,0
1727431647672,1094,conf2,200,OK,conf2 2-2,text,false,"The operation lasted too long: It took 1,094 milliseconds, but should not have lasted longer than 930 milliseconds.",231,157,11,33,http://localhost:8083/?token=492552074&user=2129825963&config=2,1094,0,0
1727431647905,1491,conf1,200,OK,conf1 1-4,text,false,"The operation lasted too long: It took 1,491 milliseconds, but should not have lasted longer than 930 milliseconds.",231,157,11,33,http://localhost:8083/?token=492552074&user=2129825963&config=1,1491,0,0
1727431647865,1531,conf1,200,OK,conf1 1-9,text,false,"The operation lasted too long: It took 1,531 milliseconds, but should not have lasted longer than 930 milliseconds.",231,157,11,33,http://localhost:8083/?token=492552074&user=2129825963&config=1,1531,0,0
1727431647909,1523,conf1,200,OK,conf1 1-10,text,false,"The operation lasted too long: It took 1,523 milliseconds, but should not have lasted longer than 930 milliseconds.",231,157,11,33,http://localhost:8083/?token=492552074&user=2129825963&config=1,1523,0,0
1727431647910,1667,conf1,200,OK,conf1 1-3,text,false,"The operation lasted too long: It took 1,667 milliseconds, but should not have lasted longer than 930 milliseconds.",231,157,11,33,http://localhost:8083/?token=492552074&user=2129825963&config=1,1667,0,0
1727431648112,1535,conf1,200,OK,conf1 1-8,text,false,"The operation lasted too long: It took 1,535 milliseconds, but should not have lasted longer than 930 milliseconds.",231,157,11,33,http://localhost:8083/?token=492552074&user=2129825963&config=1,1535,0,0
1727431648185,1520,conf1,200,OK,conf1 1-1,text,false,"The operation lasted too long: It took 1,520 milliseconds, but should not have lasted longer than 930 milliseconds.",231,157,11,33,http://localhost:8083/?token=492552074&user=2129825963&config=1,1520,0,0
1727431648236,1523,conf1,200,OK,conf1 1-6,text,false,"The operation lasted too long: It took 1,523 milliseconds, but should not have lasted longer than 930 milliseconds.",231,157,11,33,http://localhost:8083/?token=492552074&user=2129825963&config=1,1523,0,0
1727431648290,1505,conf1,200,OK,conf1 1-7,text,false,"The operation lasted too long: It took 1,505 milliseconds, but should not have lasted longer than 930 milliseconds.",231,157,11,33,http://localhost:8083/?token=492552074&user=2129825963&config=1,1505,0,0
1727431649169,663,conf3,200,OK,conf3 3-3,text,true,,231,157,11,33,http://localhost:8083/?token=492552074&user=2129825963&config=3,663,0,0
1727431649169,664,conf3,200,OK,conf3 3-5,text,true,,231,157,11,33,http://localhost:8083/?token=492552074&user=2129825963&config=3,664,0,0
1727431649170,663,conf3,200,OK,conf3 3-6,text,true,,231,157,11,33,http://localhost:8083/?token=492552074&user=2129825963&config=3,663,0,0
1727431649171,683,conf3,200,OK,conf3 3-4,text,true,,231,157,11,33,http://localhost:8083/?token=492552074&user=2129825963&config=3,683,0,0
1727431649171,683,conf3,200,OK,conf3 3-8,text,true,,231,157,11,33,http://localhost:8083/?token=492552074&user=2129825963&config=3,683,0,0
1727431649172,682,conf3,200,OK,conf3 3-11,text,true,,231,157,11,33,http://localhost:8083/?token=492552074&user=2129825963&config=3,682,0,0
1727431649170,684,conf3,200,OK,conf3 3-2,text,true,,231,157,11,33,http://localhost:8083/?token=492552074&user=2129825963&config=3,684,0,0
1727431649170,684,conf3,200,OK,conf3 3-9,text,true,,231,157,11,33,http://localhost:8083/?token=492552074&user=2129825963&config=3,684,0,0
1727431649171,747,conf3,200,OK,conf3 3-1,text,true,,231,157,11,33,http://localhost:8083/?token=492552074&user=2129825963&config=3,747,0,0
1727431648350,1569,conf1,200,OK,conf1 1-11,text,false,"The operation lasted too long: It took 1,569 milliseconds, but should not have lasted longer than 930 milliseconds.",231,157,11,33,http://localhost:8083/?token=492552074&user=2129825963&config=1,1569,0,0
1727431649170,748,conf3,200,OK,conf3 3-7,text,true,,231,157,11,33,http://localhost:8083/?token=492552074&user=2129825963&config=3,748,0,0
1727431649170,748,conf3,200,OK,conf3 3-10,text,true,,231,157,11,33,http://localhost:8083/?token=492552074&user=2129825963&config=3,748,0,0
1727431648488,1524,conf1,200,OK,conf1 1-2,text,false,"The operation lasted too long: It took 1,524 milliseconds, but should not have lasted longer than 930 milliseconds.",231,157,11,33,http://localhost:8083/?token=492552074&user=2129825963&config=1,1524,0,0
1727431648537,1522,conf1,200,OK,conf1 1-5,text,false,"The operation lasted too long: It took 1,522 milliseconds, but should not have lasted longer than 930 milliseconds.",231,157,11,33,http://localhost:8083/?token=492552074&user=2129825963&config=1,1522,0,0
1727431649164,1032,conf2,200,OK,conf2 2-6,text,false,"The operation lasted too long: It took 1,032 milliseconds, but should not have lasted longer than 930 milliseconds.",231,157,11,33,http://localhost:8083/?token=492552074&user=2129825963&config=2,1032,0,0
1727431649168,1047,conf2,200,OK,conf2 2-3,text,false,"The operation lasted too long: It took 1,047 milliseconds, but should not have lasted longer than 930 milliseconds.",231,157,11,33,http://localhost:8083/?token=492552074&user=2129825963&config=2,1047,0,0
1727431649168,1047,conf2,200,OK,conf2 2-4,text,false,"The operation lasted too long: It took 1,047 milliseconds, but should not have lasted longer than 930 milliseconds.",231,157,11,33,http://localhost:8083/?token=492552074&user=2129825963&config=2,1047,0,0
1727431649168,1047,conf2,200,OK,conf2 2-2,text,false,"The operation lasted too long: It took 1,047 milliseconds, but should not have lasted longer than 930 milliseconds.",231,157,11,33,http://localhost:8083/?token=492552074&user=2129825963&config=2,1047,0,0
1727431649168,1047,conf2,200,OK,conf2 2-1,text,false,"The operation lasted too long: It took 1,047 milliseconds, but should not have lasted longer than 930 milliseconds.",231,157,11,33,http://localhost:8083/?token=492552074&user=2129825963&config=2,1047,0,0
1727431649168,1047,conf2,200,OK,conf2 2-7,text,false,"The operation lasted too long: It took 1,047 milliseconds, but should not have lasted longer than 930 milliseconds.",231,157,11,33,http://localhost:8083/?token=492552074&user=2129825963&config=2,1047,0,0
1727431649171,1081,conf2,200,OK,conf2 2-8,text,false,"The operation lasted too long: It took 1,081 milliseconds, but should not have lasted longer than 930 milliseconds.",231,157,11,33,http://localhost:8083/?token=492552074&user=2129825963&config=2,1081,0,0
1727431649169,1083,conf2,200,OK,conf2 2-5,text,false,"The operation lasted too long: It took 1,083 milliseconds, but should not have lasted longer than 930 milliseconds.",231,157,11,33,http://localhost:8083/?token=492552074&user=2129825963&config=2,1083,0,0
1727431649170,1082,conf2,200,OK,conf2 2-11,text,false,"The operation lasted too long: It took 1,082 milliseconds, but should not have lasted longer than 930 milliseconds.",231,157,11,33,http://localhost:8083/?token=492552074&user=2129825963&config=2,1082,0,0
1727431649169,1083,conf2,200,OK,conf2 2-9,text,false,"The operation lasted too long: It took 1,083 milliseconds, but should not have lasted longer than 930 milliseconds.",231,157,11,33,http://localhost:8083/?token=492552074&user=2129825963&config=2,1083,0,0
1727431649171,1233,conf2,200,OK,conf2 2-10,text,false,"The operation lasted too long: It took 1,233 milliseconds, but should not have lasted longer than 930 milliseconds.",231,157,11,33,http://localhost:8083/?token=492552074&user=2129825963&config=2,1233,0,0
1727431649397,1486,conf1,200,OK,conf1 1-9,text,false,"The operation lasted too long: It took 1,486 milliseconds, but should not have lasted longer than 930 milliseconds.",231,157,11,33,http://localhost:8083/?token=492552074&user=2129825963&config=1,1486,0,0
1727431649406,1505,conf1,200,OK,conf1 1-4,text,false,"The operation lasted too long: It took 1,505 milliseconds, but should not have lasted longer than 930 milliseconds.",231,157,11,33,http://localhost:8083/?token=492552074&user=2129825963&config=1,1505,0,0
1727431649432,1595,conf1,200,OK,conf1 1-10,text,false,"The operation lasted too long: It took 1,595 milliseconds, but should not have lasted longer than 930 milliseconds.",231,157,11,33,http://localhost:8083/?token=492552074&user=2129825963&config=1,1595,0,0
1727431649577,1526,conf1,200,OK,conf1 1-3,text,false,"The operation lasted too long: It took 1,526 milliseconds, but should not have lasted longer than 930 milliseconds.",231,157,11,33,http://localhost:8083/?token=492552074&user=2129825963&config=1,1526,0,0
1727431649647,1516,conf1,200,OK,conf1 1-8,text,false,"The operation lasted too long: It took 1,516 milliseconds, but should not have lasted longer than 930 milliseconds.",231,157,11,33,http://localhost:8083/?token=492552074&user=2129825963&config=1,1516,0,0
1727431649706,1519,conf1,200,OK,conf1 1-1,text,false,"The operation lasted too long: It took 1,519 milliseconds, but should not have lasted longer than 930 milliseconds.",231,157,11,33,http://localhost:8083/?token=492552074&user=2129825963&config=1,1519,0,0
1727431649759,1507,conf1,200,OK,conf1 1-6,text,false,"The operation lasted too long: It took 1,507 milliseconds, but should not have lasted longer than 930 milliseconds.",231,157,11,33,http://localhost:8083/?token=492552074&user=2129825963&config=1,1507,0,0
1727431649795,1512,conf1,200,OK,conf1 1-7,text,false,"The operation lasted too long: It took 1,512 milliseconds, but should not have lasted longer than 930 milliseconds.",231,157,11,33,http://localhost:8083/?token=492552074&user=2129825963&config=1,1512,0,0
1727431650671,681,conf3,200,OK,conf3 3-1,text,true,,231,157,11,33,http://localhost:8083/?token=492552074&user=2129825963&config=3,681,0,0
1727431650671,681,conf3,200,OK,conf3 3-3,text,true,,231,157,11,33,http://localhost:8083/?token=492552074&user=2129825963&config=3,681,0,0
1727431650671,725,conf3,200,OK,conf3 3-2,text,true,,231,157,11,33,http://localhost:8083/?token=492552074&user=2129825963&config=3,725,0,0
1727431649919,1512,conf1,200,OK,conf1 1-11,text,false,"The operation lasted too long: It took 1,512 milliseconds, but should not have lasted longer than 930 milliseconds.",231,157,11,33,http://localhost:8083/?token=492552074&user=2129825963&config=1,1512,0,0
1727431650672,853,conf3,200,OK,conf3 3-11,text,true,,231,157,11,33,http://localhost:8083/?token=492552074&user=2129825963&config=3,852,0,0
1727431650671,880,conf3,200,OK,conf3 3-4,text,true,,231,157,11,33,http://localhost:8083/?token=492552074&user=2129825963&config=3,880,0,0
1727431650671,881,conf3,200,OK,conf3 3-8,text,true,,231,157,11,33,http://localhost:8083/?token=492552074&user=2129825963&config=3,881,0,0
1727431650671,881,conf3,200,OK,conf3 3-10,text,true,,231,157,11,33,http://localhost:8083/?token=492552074&user=2129825963&config=3,881,0,0
1727431650012,1539,conf1,200,OK,conf1 1-2,text,false,"The operation lasted too long: It took 1,539 milliseconds, but should not have lasted longer than 930 milliseconds.",231,157,11,33,http://localhost:8083/?token=492552074&user=2129825963&config=1,1539,0,0
1727431650671,881,conf3,200,OK,conf3 3-9,text,true,,231,157,11,33,http://localhost:8083/?token=492552074&user=2129825963&config=3,881,0,0
1727431650671,933,conf3,200,OK,conf3 3-6,text,false,"The operation lasted too long: It took 933 milliseconds, but should not have lasted longer than 930 milliseconds.",231,157,11,33,http://localhost:8083/?token=492552074&user=2129825963&config=3,933,0,0
1727431650671,933,conf3,200,OK,conf3 3-7,text,false,"The operation lasted too long: It took 933 milliseconds, but should not have lasted longer than 930 milliseconds.",231,157,11,33,http://localhost:8083/?token=492552074&user=2129825963&config=3,933,0,0
1727431650671,931,conf3,200,OK,conf3 3-5,text,false,"The operation lasted too long: It took 931 milliseconds, but should not have lasted longer than 930 milliseconds.",231,157,11,33,http://localhost:8083/?token=492552074&user=2129825963&config=3,931,0,0
1727431650060,1536,conf1,200,OK,conf1 1-5,text,false,"The operation lasted too long: It took 1,536 milliseconds, but should not have lasted longer than 930 milliseconds.",231,157,11,33,http://localhost:8083/?token=492552074&user=2129825963&config=1,1535,0,0
1727431650670,1073,conf2,200,OK,conf2 2-9,text,false,"The operation lasted too long: It took 1,073 milliseconds, but should not have lasted longer than 930 milliseconds.",231,157,11,33,http://localhost:8083/?token=492552074&user=2129825963&config=2,1073,0,0
1727431650671,1104,conf2,200,OK,conf2 2-4,text,false,"The operation lasted too long: It took 1,104 milliseconds, but should not have lasted longer than 930 milliseconds.",231,157,11,33,http://localhost:8083/?token=492552074&user=2129825963&config=2,1104,0,0
1727431650671,1104,conf2,200,OK,conf2 2-3,text,false,"The operation lasted too long: It took 1,104 milliseconds, but should not have lasted longer than 930 milliseconds.",231,157,11,33,http://localhost:8083/?token=492552074&user=2129825963&config=2,1104,0,0
1727431650671,1104,conf2,200,OK,conf2 2-1,text,false,"The operation lasted too long: It took 1,104 milliseconds, but should not have lasted longer than 930 milliseconds.",231,157,11,33,http://localhost:8083/?token=492552074&user=2129825963&config=2,1104,0,0
1727431650670,1105,conf2,200,OK,conf2 2-10,text,false,"The operation lasted too long: It took 1,105 milliseconds, but should not have lasted longer than 930 milliseconds.",231,157,11,33,http://localhost:8083/?token=492552074&user=2129825963&config=2,1105,0,0
1727431650671,1104,conf2,200,OK,conf2 2-2,text,false,"The operation lasted too long: It took 1,104 milliseconds, but should not have lasted longer than 930 milliseconds.",231,157,11,33,http://localhost:8083/?token=492552074&user=2129825963&config=2,1104,0,0
1727431650671,1256,conf2,200,OK,conf2 2-11,text,false,"The operation lasted too long: It took 1,256 milliseconds, but should not have lasted longer than 930 milliseconds.",231,157,11,33,http://localhost:8083/?token=492552074&user=2129825963&config=2,1256,0,0
1727431650671,1305,conf2,200,OK,conf2 2-6,text,false,"The operation lasted too long: It took 1,305 milliseconds, but should not have lasted longer than 930 milliseconds.",231,157,11,33,http://localhost:8083/?token=492552074&user=2129825963&config=2,1305,0,0
1727431650671,1308,conf2,200,OK,conf2 2-5,text,false,"The operation lasted too long: It took 1,308 milliseconds, but should not have lasted longer than 930 milliseconds.",231,157,11,33,http://localhost:8083/?token=492552074&user=2129825963&config=2,1308,0,0
1727431650671,1308,conf2,200,OK,conf2 2-8,text,false,"The operation lasted too long: It took 1,308 milliseconds, but should not have lasted longer than 930 milliseconds.",231,157,11,33,http://localhost:8083/?token=492552074&user=2129825963&config=2,1308,0,0
1727431650671,1308,conf2,200,OK,conf2 2-7,text,false,"The operation lasted too long: It took 1,308 milliseconds, but should not have lasted longer than 930 milliseconds.",231,157,11,33,http://localhost:8083/?token=492552074&user=2129825963&config=2,1308,0,0
1727431650899,1579,conf1,200,OK,conf1 1-9,text,false,"The operation lasted too long: It took 1,579 milliseconds, but should not have lasted longer than 930 milliseconds.",231,157,11,33,http://localhost:8083/?token=492552074&user=2129825963&config=1,1579,0,0
1727431650911,1603,conf1,200,OK,conf1 1-4,text,false,"The operation lasted too long: It took 1,603 milliseconds, but should not have lasted longer than 930 milliseconds.",231,157,11,33,http://localhost:8083/?token=492552074&user=2129825963&config=1,1603,0,0
1727431651028,1557,conf1,200,OK,conf1 1-10,text,false,"The operation lasted too long: It took 1,557 milliseconds, but should not have lasted longer than 930 milliseconds.",231,157,11,33,http://localhost:8083/?token=492552074&user=2129825963&config=1,1557,0,0
1727431651110,1540,conf1,200,OK,conf1 1-3,text,false,"The operation lasted too long: It took 1,540 milliseconds, but should not have lasted longer than 930 milliseconds.",231,157,11,33,http://localhost:8083/?token=492552074&user=2129825963&config=1,1540,0,0
1727431651166,1522,conf1,200,OK,conf1 1-8,text,false,"The operation lasted too long: It took 1,522 milliseconds, but should not have lasted longer than 930 milliseconds.",231,157,11,33,http://localhost:8083/?token=492552074&user=2129825963&config=1,1522,0,0
1727431652167,649,conf3,200,OK,conf3 3-6,text,true,,231,157,11,33,http://localhost:8083/?token=492552074&user=2129825963&config=3,649,0,0
1727431652168,685,conf3,200,OK,conf3 3-1,text,true,,231,157,11,33,http://localhost:8083/?token=492552074&user=2129825963&config=3,685,0,0
1727431652167,686,conf3,200,OK,conf3 3-7,text,true,,231,157,11,33,http://localhost:8083/?token=492552074&user=2129825963&config=3,686,0,0
1727431652170,727,conf3,200,OK,conf3 3-8,text,true,,231,157,11,33,http://localhost:8083/?token=492552074&user=2129825963&config=3,727,0,0
1727431652170,727,conf3,200,OK,conf3 3-4,text,true,,231,157,11,33,http://localhost:8083/?token=492552074&user=2129825963&config=3,727,0,0
1727431652169,727,conf3,200,OK,conf3 3-5,text,true,,231,157,11,33,http://localhost:8083/?token=492552074&user=2129825963&config=3,727,0,0
1727431652169,727,conf3,200,OK,conf3 3-3,text,true,,231,157,11,33,http://localhost:8083/?token=492552074&user=2129825963&config=3,727,0,0
1727431652170,727,conf3,200,OK,conf3 3-11,text,true,,231,157,11,33,http://localhost:8083/?token=492552074&user=2129825963&config=3,727,0,0
1727431652171,775,conf3,200,OK,conf3 3-9,text,true,,231,157,11,33,http://localhost:8083/?token=492552074&user=2129825963&config=3,775,0,0
1727431651309,1637,conf1,200,OK,conf1 1-7,text,false,"The operation lasted too long: It took 1,637 milliseconds, but should not have lasted longer than 930 milliseconds.",231,157,11,33,http://localhost:8083/?token=492552074&user=2129825963&config=1,1637,0,0
1727431652171,777,conf3,200,OK,conf3 3-10,text,true,,231,157,11,33,http://localhost:8083/?token=492552074&user=2129825963&config=3,777,0,0
1727431651268,1678,conf1,200,OK,conf1 1-6,text,false,"The operation lasted too long: It took 1,678 milliseconds, but should not have lasted longer than 930 milliseconds.",231,157,11,33,http://localhost:8083/?token=492552074&user=2129825963&config=1,1678,0,0
1727431651227,1719,conf1,200,OK,conf1 1-1,text,false,"The operation lasted too long: It took 1,719 milliseconds, but should not have lasted longer than 930 milliseconds.",231,157,11,33,http://localhost:8083/?token=492552074&user=2129825963&config=1,1719,0,0
1727431651434,1549,conf1,200,OK,conf1 1-11,text,false,"The operation lasted too long: It took 1,549 milliseconds, but should not have lasted longer than 930 milliseconds.",231,157,11,33,http://localhost:8083/?token=492552074&user=2129825963&config=1,1549,0,0
1727431652169,870,conf3,200,OK,conf3 3-2,text,true,,231,157,11,33,http://localhost:8083/?token=492552074&user=2129825963&config=3,870,0,0
1727431651552,1525,conf1,200,OK,conf1 1-2,text,false,"The operation lasted too long: It took 1,525 milliseconds, but should not have lasted longer than 930 milliseconds.",231,157,11,33,http://localhost:8083/?token=492552074&user=2129825963&config=1,1524,0,0
1727431651604,1524,conf1,200,OK,conf1 1-5,text,false,"The operation lasted too long: It took 1,524 milliseconds, but should not have lasted longer than 930 milliseconds.",231,157,11,33,http://localhost:8083/?token=492552074&user=2129825963&config=1,1524,0,0
1727431652163,1037,conf2,200,OK,conf2 2-3,text,false,"The operation lasted too long: It took 1,037 milliseconds, but should not have lasted longer than 930 milliseconds.",231,157,11,33,http://localhost:8083/?token=492552074&user=2129825963&config=2,1037,0,0
1727431652168,1059,conf2,200,OK,conf2 2-11,text,false,"The operation lasted too long: It took 1,059 milliseconds, but should not have lasted longer than 930 milliseconds.",231,157,11,33,http://localhost:8083/?token=492552074&user=2129825963&config=2,1059,0,0
1727431652168,1059,conf2,200,OK,conf2 2-9,text,false,"The operation lasted too long: It took 1,059 milliseconds, but should not have lasted longer than 930 milliseconds.",231,157,11,33,http://localhost:8083/?token=492552074&user=2129825963&config=2,1059,0,0
1727431652165,1062,conf2,200,OK,conf2 2-5,text,false,"The operation lasted too long: It took 1,062 milliseconds, but should not have lasted longer than 930 milliseconds.",231,157,11,33,http://localhost:8083/?token=492552074&user=2129825963&config=2,1062,0,0
1727431652167,1060,conf2,200,OK,conf2 2-4,text,false,"The operation lasted too long: It took 1,060 milliseconds, but should not have lasted longer than 930 milliseconds.",231,157,11,33,http://localhost:8083/?token=492552074&user=2129825963&config=2,1060,0,0
1727431652164,1063,conf2,200,OK,conf2 2-7,text,false,"The operation lasted too long: It took 1,063 milliseconds, but should not have lasted longer than 930 milliseconds.",231,157,11,33,http://localhost:8083/?token=492552074&user=2129825963&config=2,1063,0,0
1727431652168,1199,conf2,200,OK,conf2 2-10,text,false,"The operation lasted too long: It took 1,199 milliseconds, but should not have lasted longer than 930 milliseconds.",231,157,11,33,http://localhost:8083/?token=492552074&user=2129825963&config=2,1199,0,0
1727431652168,1200,conf2,200,OK,conf2 2-8,text,false,"The operation lasted too long: It took 1,200 milliseconds, but should not have lasted longer than 930 milliseconds.",231,157,11,33,http://localhost:8083/?token=492552074&user=2129825963&config=2,1200,0,0
1727431652167,1201,conf2,200,OK,conf2 2-2,text,false,"The operation lasted too long: It took 1,201 milliseconds, but should not have lasted longer than 930 milliseconds.",231,157,11,33,http://localhost:8083/?token=492552074&user=2129825963&config=2,1201,0,0
1727431652165,1202,conf2,200,OK,conf2 2-6,text,false,"The operation lasted too long: It took 1,202 milliseconds, but should not have lasted longer than 930 milliseconds.",231,157,11,33,http://localhost:8083/?token=492552074&user=2129825963&config=2,1202,0,0
1727431652166,1202,conf2,200,OK,conf2 2-1,text,false,"The operation lasted too long: It took 1,202 milliseconds, but should not have lasted longer than 930 milliseconds.",231,157,11,33,http://localhost:8083/?token=492552074&user=2129825963&config=2,1202,0,0
1727431652479,1600,conf1,200,OK,conf1 1-9,text,false,"The operation lasted too long: It took 1,600 milliseconds, but should not have lasted longer than 930 milliseconds.",231,157,11,33,http://localhost:8083/?token=492552074&user=2129825963&config=1,1600,0,0
1727431652516,1599,conf1,200,OK,conf1 1-4,text,false,"The operation lasted too long: It took 1,599 milliseconds, but should not have lasted longer than 930 milliseconds.",231,157,11,33,http://localhost:8083/?token=492552074&user=2129825963&config=1,1599,0,0
1727431652586,1531,conf1,200,OK,conf1 1-10,text,false,"The operation lasted too long: It took 1,531 milliseconds, but should not have lasted longer than 930 milliseconds.",231,157,11,33,http://localhost:8083/?token=492552074&user=2129825963&config=1,1531,0,0
1727431652650,1500,conf1,200,OK,conf1 1-3,text,false,"The operation lasted too long: It took 1,500 milliseconds, but should not have lasted longer than 930 milliseconds.",231,157,11,33,http://localhost:8083/?token=492552074&user=2129825963&config=1,1500,0,0
1727431652690,1594,conf1,200,OK,conf1 1-8,text,false,"The operation lasted too long: It took 1,594 milliseconds, but should not have lasted longer than 930 milliseconds.",231,157,11,33,http://localhost:8083/?token=492552074&user=2129825963&config=1,1594,0,0
1727431653668,669,conf3,200,OK,conf3 3-2,text,true,,231,157,11,33,http://localhost:8083/?token=492552074&user=2129825963&config=3,668,0,0
1727431653668,691,conf3,200,OK,conf3 3-1,text,true,,231,157,11,33,http://localhost:8083/?token=492552074&user=2129825963&config=3,691,0,0
1727431653668,691,conf3,200,OK,conf3 3-3,text,true,,231,157,11,33,http://localhost:8083/?token=492552074&user=2129825963&config=3,691,0,0
1727431653668,691,conf3,200,OK,conf3 3-4,text,true,,231,157,11,33,http://localhost:8083/?token=492552074&user=2129825963&config=3,691,0,0
1727431653669,690,conf3,200,OK,conf3 3-5,text,true,,231,157,11,33,http://localhost:8083/?token=492552074&user=2129825963&config=3,690,0,0
1727431653669,691,conf3,200,OK,conf3 3-6,text,true,,231,157,11,33,http://localhost:8083/?token=492552074&user=2129825963&config=3,691,0,0
1727431653669,730,conf3,200,OK,conf3 3-7,text,true,,231,157,11,33,http://localhost:8083/?token=492552074&user=2129825963&config=3,730,0,0
1727431653669,731,conf3,200,OK,conf3 3-8,text,true,,231,157,11,33,http://localhost:8083/?token=492552074&user=2129825963&config=3,731,0,0
1727431653670,730,conf3,200,OK,conf3 3-11,text,true,,231,157,11,33,http://localhost:8083/?token=492552074&user=2129825963&config=3,730,0,0
1727431653671,729,conf3,200,OK,conf3 3-10,text,true,,231,157,11,33,http://localhost:8083/?token=492552074&user=2129825963&config=3,729,0,0
1727431652949,1831,conf1,200,OK,conf1 1-1,text,false,"The operation lasted too long: It took 1,831 milliseconds, but should not have lasted longer than 930 milliseconds.",231,157,11,33,http://localhost:8083/?token=492552074&user=2129825963&config=1,1831,0,0
1727431653078,1705,conf1,200,OK,conf1 1-2,text,false,"The operation lasted too long: It took 1,705 milliseconds, but should not have lasted longer than 930 milliseconds.",231,157,11,33,http://localhost:8083/?token=492552074&user=2129825963&config=1,1705,0,0
1727431652948,1836,conf1,200,OK,conf1 1-6,text,false,"The operation lasted too long: It took 1,836 milliseconds, but should not have lasted longer than 930 milliseconds.",231,157,11,33,http://localhost:8083/?token=492552074&user=2129825963&config=1,1836,0,0
1727431652983,1801,conf1,200,OK,conf1 1-11,text,false,"The operation lasted too long: It took 1,801 milliseconds, but should not have lasted longer than 930 milliseconds.",231,157,11,33,http://localhost:8083/?token=492552074&user=2129825963&config=1,1801,0,0
1727431652947,1837,conf1,200,OK,conf1 1-7,text,false,"The operation lasted too long: It took 1,837 milliseconds, but should not have lasted longer than 930 milliseconds.",231,157,11,33,http://localhost:8083/?token=492552074&user=2129825963&config=1,1837,0,0
1727431653664,1121,conf2,200,OK,conf2 2-9,text,false,"The operation lasted too long: It took 1,121 milliseconds, but should not have lasted longer than 930 milliseconds.",231,157,11,33,http://localhost:8083/?token=492552074&user=2129825963&config=2,1121,0,0
1727431653128,1657,conf1,200,OK,conf1 1-5,text,false,"The operation lasted too long: It took 1,657 milliseconds, but should not have lasted longer than 930 milliseconds.",231,157,11,33,http://localhost:8083/?token=492552074&user=2129825963&config=1,1657,0,0
1727431653666,1119,conf2,200,OK,conf2 2-7,text,false,"The operation lasted too long: It took 1,119 milliseconds, but should not have lasted longer than 930 milliseconds.",231,157,11,33,http://localhost:8083/?token=492552074&user=2129825963&config=2,1119,0,0
1727431653666,1119,conf2,200,OK,conf2 2-3,text,false,"The operation lasted too long: It took 1,119 milliseconds, but should not have lasted longer than 930 milliseconds.",231,157,11,33,http://localhost:8083/?token=492552074&user=2129825963&config=2,1119,0,0
1727431653671,1114,conf3,200,OK,conf3 3-9,text,false,"The operation lasted too long: It took 1,114 milliseconds, but should not have lasted longer than 930 milliseconds.",231,157,11,33,http://localhost:8083/?token=492552074&user=2129825963&config=3,1114,0,0
1727431653666,1119,conf2,200,OK,conf2 2-11,text,false,"The operation lasted too long: It took 1,119 milliseconds, but should not have lasted longer than 930 milliseconds.",231,157,11,33,http://localhost:8083/?token=492552074&user=2129825963&config=2,1119,0,0
1727431653664,1121,conf2,200,OK,conf2 2-6,text,false,"The operation lasted too long: It took 1,121 milliseconds, but should not have lasted longer than 930 milliseconds.",231,157,11,33,http://localhost:8083/?token=492552074&user=2129825963&config=2,1121,0,0
1727431653667,1118,conf2,200,OK,conf2 2-5,text,false,"The operation lasted too long: It took 1,118 milliseconds, but should not have lasted longer than 930 milliseconds.",231,157,11,33,http://localhost:8083/?token=492552074&user=2129825963&config=2,1118,0,0
1727431653664,1121,conf2,200,OK,conf2 2-2,text,false,"The operation lasted too long: It took 1,121 milliseconds, but should not have lasted longer than 930 milliseconds.",231,157,11,33,http://localhost:8083/?token=492552074&user=2129825963&config=2,1121,0,0
1727431653664,1121,conf2,200,OK,conf2 2-1,text,false,"The operation lasted too long: It took 1,121 milliseconds, but should not have lasted longer than 930 milliseconds.",231,157,11,33,http://localhost:8083/?token=492552074&user=2129825963&config=2,1121,0,0
1727431653668,1151,conf2,200,OK,conf2 2-10,text,false,"The operation lasted too long: It took 1,151 milliseconds, but should not have lasted longer than 930 milliseconds.",231,157,11,33,http://localhost:8083/?token=492552074&user=2129825963&config=2,1151,0,0
1727431653668,1151,conf2,200,OK,conf2 2-8,text,false,"The operation lasted too long: It took 1,151 milliseconds, but should not have lasted longer than 930 milliseconds.",231,157,11,33,http://localhost:8083/?token=492552074&user=2129825963&config=2,1151,0,0
1727431653667,1152,conf2,200,OK,conf2 2-4,text,false,"The operation lasted too long: It took 1,152 milliseconds, but should not have lasted longer than 930 milliseconds.",231,157,11,33,http://localhost:8083/?token=492552074&user=2129825963&config=2,1152,0,0
1727431654081,1495,conf1,200,OK,conf1 1-9,text,false,"The operation lasted too long: It took 1,495 milliseconds, but should not have lasted longer than 930 milliseconds.",231,157,11,33,http://localhost:8083/?token=492552074&user=2129825963&config=1,1495,0,0
1727431654118,1500,conf1,200,OK,conf1 1-4,text,false,"The operation lasted too long: It took 1,500 milliseconds, but should not have lasted longer than 930 milliseconds.",231,157,11,33,http://localhost:8083/?token=492552074&user=2129825963&config=1,1500,0,0
1727431654119,1499,conf1,200,OK,conf1 1-10,text,false,"The operation lasted too long: It took 1,499 milliseconds, but should not have lasted longer than 930 milliseconds.",231,157,11,33,http://localhost:8083/?token=492552074&user=2129825963&config=1,1499,0,0
1727431654152,1648,conf1,200,OK,conf1 1-3,text,false,"The operation lasted too long: It took 1,648 milliseconds, but should not have lasted longer than 930 milliseconds.",231,157,11,33,http://localhost:8083/?token=492552074&user=2129825963&config=1,1648,0,0
1727431654286,1551,conf1,200,OK,conf1 1-8,text,false,"The operation lasted too long: It took 1,551 milliseconds, but should not have lasted longer than 930 milliseconds.",231,157,11,33,http://localhost:8083/?token=492552074&user=2129825963&config=1,1551,0,0
1727431655169,668,conf3,200,OK,conf3 3-3,text,true,,231,157,11,33,http://localhost:8083/?token=492552074&user=2129825963&config=3,668,0,0
1727431655171,667,conf3,200,OK,conf3 3-5,text,true,,231,157,11,33,http://localhost:8083/?token=492552074&user=2129825963&config=3,667,0,0
1727431655171,667,conf3,200,OK,conf3 3-6,text,true,,231,157,11,33,http://localhost:8083/?token=492552074&user=2129825963&config=3,667,0,0
1727431655171,668,conf3,200,OK,conf3 3-11,text,true,,231,157,11,33,http://localhost:8083/?token=492552074&user=2129825963&config=3,668,0,0
1727431655169,703,conf3,200,OK,conf3 3-1,text,true,,231,157,11,33,http://localhost:8083/?token=492552074&user=2129825963&config=3,703,0,0
1727431655169,704,conf3,200,OK,conf3 3-2,text,true,,231,157,11,33,http://localhost:8083/?token=492552074&user=2129825963&config=3,704,0,0
1727431655170,705,conf3,200,OK,conf3 3-4,text,true,,231,157,11,33,http://localhost:8083/?token=492552074&user=2129825963&config=3,704,0,0
1727431655171,704,conf3,200,OK,conf3 3-8,text,true,,231,157,11,33,http://localhost:8083/?token=492552074&user=2129825963&config=3,704,0,0
1727431655172,703,conf3,200,OK,conf3 3-9,text,true,,231,157,11,33,http://localhost:8083/?token=492552074&user=2129825963&config=3,703,0,0
1727431655171,737,conf3,200,OK,conf3 3-7,text,true,,231,157,11,33,http://localhost:8083/?token=492552074&user=2129825963&config=3,737,0,0
1727431655165,1066,conf2,200,OK,conf2 2-4,text,false,"The operation lasted too long: It took 1,066 milliseconds, but should not have lasted longer than 930 milliseconds.",231,157,11,33,http://localhost:8083/?token=492552074&user=2129825963&config=2,1066,0,0
1727431654784,1448,conf1,200,OK,conf1 1-2,text,false,"The operation lasted too long: It took 1,448 milliseconds, but should not have lasted longer than 930 milliseconds.",231,157,11,33,http://localhost:8083/?token=492552074&user=2129825963&config=1,1448,0,0
1727431655167,1065,conf2,200,OK,conf2 2-8,text,false,"The operation lasted too long: It took 1,065 milliseconds, but should not have lasted longer than 930 milliseconds.",231,157,11,33,http://localhost:8083/?token=492552074&user=2129825963&config=2,1065,0,0
1727431654785,1447,conf1,200,OK,conf1 1-11,text,false,"The operation lasted too long: It took 1,447 milliseconds, but should not have lasted longer than 930 milliseconds.",231,157,11,33,http://localhost:8083/?token=492552074&user=2129825963&config=1,1447,0,0
1727431655167,1065,conf2,200,OK,conf2 2-7,text,false,"The operation lasted too long: It took 1,065 milliseconds, but should not have lasted longer than 930 milliseconds.",231,157,11,33,http://localhost:8083/?token=492552074&user=2129825963&config=2,1065,0,0
1727431655172,1061,conf3,200,OK,conf3 3-10,text,false,"The operation lasted too long: It took 1,061 milliseconds, but should not have lasted longer than 930 milliseconds.",231,157,11,33,http://localhost:8083/?token=492552074&user=2129825963&config=3,1061,0,0
1727431654783,1453,conf1,200,OK,conf1 1-1,text,false,"The operation lasted too long: It took 1,453 milliseconds, but should not have lasted longer than 930 milliseconds.",231,157,11,33,http://localhost:8083/?token=492552074&user=2129825963&config=1,1453,0,0
1727431655165,1071,conf2,200,OK,conf2 2-11,text,false,"The operation lasted too long: It took 1,071 milliseconds, but should not have lasted longer than 930 milliseconds.",231,157,11,33,http://localhost:8083/?token=492552074&user=2129825963&config=2,1071,0,0
1727431655165,1071,conf2,200,OK,conf2 2-9,text,false,"The operation lasted too long: It took 1,071 milliseconds, but should not have lasted longer than 930 milliseconds.",231,157,11,33,http://localhost:8083/?token=492552074&user=2129825963&config=2,1071,0,0
1727431654785,1451,conf1,200,OK,conf1 1-7,text,false,"The operation lasted too long: It took 1,451 milliseconds, but should not have lasted longer than 930 milliseconds.",231,157,11,33,http://localhost:8083/?token=492552074&user=2129825963&config=1,1451,0,0
1727431654786,1450,conf1,200,OK,conf1 1-5,text,false,"The operation lasted too long: It took 1,450 milliseconds, but should not have lasted longer than 930 milliseconds.",231,157,11,33,http://localhost:8083/?token=492552074&user=2129825963&config=1,1450,0,0
1727431655167,1088,conf2,200,OK,conf2 2-3,text,false,"The operation lasted too long: It took 1,088 milliseconds, but should not have lasted longer than 930 milliseconds.",231,157,11,33,http://localhost:8083/?token=492552074&user=2129825963&config=2,1087,0,0
1727431655167,1088,conf2,200,OK,conf2 2-5,text,false,"The operation lasted too long: It took 1,088 milliseconds, but should not have lasted longer than 930 milliseconds.",231,157,11,33,http://localhost:8083/?token=492552074&user=2129825963&config=2,1088,0,0
1727431655168,1088,conf2,200,OK,conf2 2-2,text,false,"The operation lasted too long: It took 1,088 milliseconds, but should not have lasted longer than 930 milliseconds.",231,157,11,33,http://localhost:8083/?token=492552074&user=2129825963&config=2,1088,0,0
1727431655167,1089,conf2,200,OK,conf2 2-1,text,false,"The operation lasted too long: It took 1,089 milliseconds, but should not have lasted longer than 930 milliseconds.",231,157,11,33,http://localhost:8083/?token=492552074&user=2129825963&config=2,1089,0,0
1727431654785,1470,conf1,200,OK,conf1 1-6,text,false,"The operation lasted too long: It took 1,470 milliseconds, but should not have lasted longer than 930 milliseconds.",231,157,11,33,http://localhost:8083/?token=492552074&user=2129825963&config=1,1470,0,0
1727431655167,1135,conf2,200,OK,conf2 2-10,text,false,"The operation lasted too long: It took 1,135 milliseconds, but should not have lasted longer than 930 milliseconds.",231,157,11,33,http://localhost:8083/?token=492552074&user=2129825963&config=2,1135,0,0
1727431655167,1137,conf2,200,OK,conf2 2-6,text,false,"The operation lasted too long: It took 1,137 milliseconds, but should not have lasted longer than 930 milliseconds.",231,157,11,33,http://localhost:8083/?token=492552074&user=2129825963&config=2,1137,0,0
1727431655582,1510,conf1,200,OK,conf1 1-9,text,false,"The operation lasted too long: It took 1,510 milliseconds, but should not have lasted longer than 930 milliseconds.",231,157,11,33,http://localhost:8083/?token=492552074&user=2129825963&config=1,1510,0,0
1727431655620,1503,conf1,200,OK,conf1 1-10,text,false,"The operation lasted too long: It took 1,503 milliseconds, but should not have lasted longer than 930 milliseconds.",231,157,11,33,http://localhost:8083/?token=492552074&user=2129825963&config=1,1502,0,0
1727431655620,1573,conf1,200,OK,conf1 1-4,text,false,"The operation lasted too long: It took 1,573 milliseconds, but should not have lasted longer than 930 milliseconds.",231,157,11,33,http://localhost:8083/?token=492552074&user=2129825963&config=1,1573,0,0
1727431655802,1502,conf1,200,OK,conf1 1-3,text,false,"The operation lasted too long: It took 1,502 milliseconds, but should not have lasted longer than 930 milliseconds.",231,157,11,33,http://localhost:8083/?token=492552074&user=2129825963&config=1,1502,0,0
1727431655838,1500,conf1,200,OK,conf1 1-8,text,false,"The operation lasted too long: It took 1,500 milliseconds, but should not have lasted longer than 930 milliseconds.",231,157,11,33,http://localhost:8083/?token=492552074&user=2129825963&config=1,1500,0,0
1727431656670,668,conf3,200,OK,conf3 3-5,text,true,,231,157,11,33,http://localhost:8083/?token=492552074&user=2129825963&config=3,668,0,0
1727431656669,691,conf3,200,OK,conf3 3-4,text,true,,231,157,11,33,http://localhost:8083/?token=492552074&user=2129825963&config=3,691,0,0
1727431656669,692,conf3,200,OK,conf3 3-6,text,true,,231,157,11,33,http://localhost:8083/?token=492552074&user=2129825963&config=3,692,0,0
1727431656670,691,conf3,200,OK,conf3 3-8,text,true,,231,157,11,33,http://localhost:8083/?token=492552074&user=2129825963&config=3,691,0,0
1727431656669,692,conf3,200,OK,conf3 3-11,text,true,,231,157,11,33,http://localhost:8083/?token=492552074&user=2129825963&config=3,692,0,0
1727431656669,691,conf3,200,OK,conf3 3-3,text,true,,231,157,11,33,http://localhost:8083/?token=492552074&user=2129825963&config=3,691,0,0
1727431656670,728,conf3,200,OK,conf3 3-2,text,true,,231,157,11,33,http://localhost:8083/?token=492552074&user=2129825963&config=3,728,0,0
1727431656669,729,conf3,200,OK,conf3 3-1,text,true,,231,157,11,33,http://localhost:8083/?token=492552074&user=2129825963&config=3,729,0,0
1727431656669,730,conf3,200,OK,conf3 3-9,text,true,,231,157,11,33,http://localhost:8083/?token=492552074&user=2129825963&config=3,730,0,0
1727431656672,727,conf3,200,OK,conf3 3-10,text,true,,231,157,11,33,http://localhost:8083/?token=492552074&user=2129825963&config=3,727,0,0
1727431656664,1042,conf2,200,OK,conf2 2-8,text,false,"The operation lasted too long: It took 1,042 milliseconds, but should not have lasted longer than 930 milliseconds.",231,157,11,33,http://localhost:8083/?token=492552074&user=2129825963&config=2,1042,0,0
1727431656667,1053,conf2,200,OK,conf2 2-3,text,false,"The operation lasted too long: It took 1,053 milliseconds, but should not have lasted longer than 930 milliseconds.",231,157,11,33,http://localhost:8083/?token=492552074&user=2129825963&config=2,1053,0,0
1727431656666,1054,conf2,200,OK,conf2 2-4,text,false,"The operation lasted too long: It took 1,054 milliseconds, but should not have lasted longer than 930 milliseconds.",231,157,11,33,http://localhost:8083/?token=492552074&user=2129825963&config=2,1054,0,0
1727431656668,1052,conf2,200,OK,conf2 2-7,text,false,"The operation lasted too long: It took 1,052 milliseconds, but should not have lasted longer than 930 milliseconds.",231,157,11,33,http://localhost:8083/?token=492552074&user=2129825963&config=2,1052,0,0
1727431656667,1053,conf2,200,OK,conf2 2-1,text,false,"The operation lasted too long: It took 1,053 milliseconds, but should not have lasted longer than 930 milliseconds.",231,157,11,33,http://localhost:8083/?token=492552074&user=2129825963&config=2,1053,0,0
1727431656670,1050,conf3,200,OK,conf3 3-7,text,false,"The operation lasted too long: It took 1,050 milliseconds, but should not have lasted longer than 930 milliseconds.",231,157,11,33,http://localhost:8083/?token=492552074&user=2129825963&config=3,1050,0,0
1727431656667,1071,conf2,200,OK,conf2 2-6,text,false,"The operation lasted too long: It took 1,071 milliseconds, but should not have lasted longer than 930 milliseconds.",231,157,11,33,http://localhost:8083/?token=492552074&user=2129825963&config=2,1071,0,0
1727431656664,1074,conf2,200,OK,conf2 2-11,text,false,"The operation lasted too long: It took 1,074 milliseconds, but should not have lasted longer than 930 milliseconds.",231,157,11,33,http://localhost:8083/?token=492552074&user=2129825963&config=2,1074,0,0
1727431656667,1071,conf2,200,OK,conf2 2-5,text,false,"The operation lasted too long: It took 1,071 milliseconds, but should not have lasted longer than 930 milliseconds.",231,157,11,33,http://localhost:8083/?token=492552074&user=2129825963&config=2,1071,0,0
1727431656667,1071,conf2,200,OK,conf2 2-2,text,false,"The operation lasted too long: It took 1,071 milliseconds, but should not have lasted longer than 930 milliseconds.",231,157,11,33,http://localhost:8083/?token=492552074&user=2129825963&config=2,1071,0,0
1727431656291,1447,conf1,200,OK,conf1 1-11,text,false,"The operation lasted too long: It took 1,447 milliseconds, but should not have lasted longer than 930 milliseconds.",231,157,11,33,http://localhost:8083/?token=492552074&user=2129825963&config=1,1447,0,0
1727431656288,1461,conf1,200,OK,conf1 1-2,text,false,"The operation lasted too long: It took 1,461 milliseconds, but should not have lasted longer than 930 milliseconds.",231,157,11,33,http://localhost:8083/?token=492552074&user=2129825963&config=1,1461,0,0
1727431656286,1463,conf1,200,OK,conf1 1-6,text,false,"The operation lasted too long: It took 1,463 milliseconds, but should not have lasted longer than 930 milliseconds.",231,157,11,33,http://localhost:8083/?token=492552074&user=2129825963&config=1,1463,0,0
1727431656668,1082,conf2,200,OK,conf2 2-9,text,false,"The operation lasted too long: It took 1,082 milliseconds, but should not have lasted longer than 930 milliseconds.",231,157,11,33,http://localhost:8083/?token=492552074&user=2129825963&config=2,1082,0,0
1727431656287,1463,conf1,200,OK,conf1 1-7,text,false,"The operation lasted too long: It took 1,463 milliseconds, but should not have lasted longer than 930 milliseconds.",231,157,11,33,http://localhost:8083/?token=492552074&user=2129825963&config=1,1463,0,0
1727431656288,1461,conf1,200,OK,conf1 1-1,text,false,"The operation lasted too long: It took 1,461 milliseconds, but should not have lasted longer than 930 milliseconds.",231,157,11,33,http://localhost:8083/?token=492552074&user=2129825963&config=1,1461,0,0
1727431656291,1497,conf1,200,OK,conf1 1-5,text,false,"The operation lasted too long: It took 1,497 milliseconds, but should not have lasted longer than 930 milliseconds.",231,157,11,33,http://localhost:8083/?token=492552074&user=2129825963&config=1,1497,0,0
1727431656669,1119,conf2,200,OK,conf2 2-10,text,false,"The operation lasted too long: It took 1,119 milliseconds, but should not have lasted longer than 930 milliseconds.",231,157,11,33,http://localhost:8083/?token=492552074&user=2129825963&config=2,1119,0,0
1727431657093,1485,conf1,200,OK,conf1 1-9,text,false,"The operation lasted too long: It took 1,485 milliseconds, but should not have lasted longer than 930 milliseconds.",231,157,11,33,http://localhost:8083/?token=492552074&user=2129825963&config=1,1485,0,0
1727431657123,1522,conf1,200,OK,conf1 1-10,text,false,"The operation lasted too long: It took 1,522 milliseconds, but should not have lasted longer than 930 milliseconds.",231,157,11,33,http://localhost:8083/?token=492552074&user=2129825963&config=1,1522,0,0
1727431657193,1565,conf1,200,OK,conf1 1-4,text,false,"The operation lasted too long: It took 1,565 milliseconds, but should not have lasted longer than 930 milliseconds.",231,157,11,33,http://localhost:8083/?token=492552074&user=2129825963&config=1,1565,0,0
1727431657305,1495,conf1,200,OK,conf1 1-3,text,false,"The operation lasted too long: It took 1,495 milliseconds, but should not have lasted longer than 930 milliseconds.",231,157,11,33,http://localhost:8083/?token=492552074&user=2129825963&config=1,1495,0,0
1727431657340,1503,conf1,200,OK,conf1 1-8,text,false,"The operation lasted too long: It took 1,503 milliseconds, but should not have lasted longer than 930 milliseconds.",231,157,11,33,http://localhost:8083/?token=492552074&user=2129825963&config=1,1503,0,0
1727431658170,706,conf3,200,OK,conf3 3-2,text,true,,231,157,11,33,http://localhost:8083/?token=492552074&user=2129825963&config=3,706,0,0
1727431658169,708,conf3,200,OK,conf3 3-5,text,true,,231,157,11,33,http://localhost:8083/?token=492552074&user=2129825963&config=3,708,0,0
1727431658169,708,conf3,200,OK,conf3 3-6,text,true,,231,157,11,33,http://localhost:8083/?token=492552074&user=2129825963&config=3,708,0,0
1727431658169,708,conf3,200,OK,conf3 3-8,text,true,,231,157,11,33,http://localhost:8083/?token=492552074&user=2129825963&config=3,708,0,0
1727431658169,707,conf3,200,OK,conf3 3-3,text,true,,231,157,11,33,http://localhost:8083/?token=492552074&user=2129825963&config=3,707,0,0
1727431658170,709,conf3,200,OK,conf3 3-4,text,true,,231,157,11,33,http://localhost:8083/?token=492552074&user=2129825963&config=3,709,0,0
1727431658169,743,conf3,200,OK,conf3 3-10,text,true,,231,157,11,33,http://localhost:8083/?token=492552074&user=2129825963&config=3,743,0,0
1727431658169,743,conf3,200,OK,conf3 3-1,text,true,,231,157,11,33,http://localhost:8083/?token=492552074&user=2129825963&config=3,743,0,0
1727431658171,1129,conf3,200,OK,conf3 3-11,text,false,"The operation lasted too long: It took 1,129 milliseconds, but should not have lasted longer than 930 milliseconds.",231,157,11,33,http://localhost:8083/?token=492552074&user=2129825963&config=3,1129,0,0
1727431657789,1514,conf1,200,OK,conf1 1-6,text,false,"The operation lasted too long: It took 1,514 milliseconds, but should not have lasted longer than 930 milliseconds.",231,157,11,33,http://localhost:8083/?token=492552074&user=2129825963&config=1,1514,0,0
1727431658165,1138,conf2,200,OK,conf2 2-11,text,false,"The operation lasted too long: It took 1,138 milliseconds, but should not have lasted longer than 930 milliseconds.",231,157,11,33,http://localhost:8083/?token=492552074&user=2129825963&config=2,1138,0,0
1727431658167,1138,conf2,200,OK,conf2 2-9,text,false,"The operation lasted too long: It took 1,138 milliseconds, but should not have lasted longer than 930 milliseconds.",231,157,11,33,http://localhost:8083/?token=492552074&user=2129825963&config=2,1138,0,0
1727431658163,1142,conf2,200,OK,conf2 2-3,text,false,"The operation lasted too long: It took 1,142 milliseconds, but should not have lasted longer than 930 milliseconds.",231,157,11,33,http://localhost:8083/?token=492552074&user=2129825963&config=2,1142,0,0
1727431658167,1138,conf2,200,OK,conf2 2-6,text,false,"The operation lasted too long: It took 1,138 milliseconds, but should not have lasted longer than 930 milliseconds.",231,157,11,33,http://localhost:8083/?token=492552074&user=2129825963&config=2,1138,0,0
1727431658167,1138,conf2,200,OK,conf2 2-10,text,false,"The operation lasted too long: It took 1,138 milliseconds, but should not have lasted longer than 930 milliseconds.",231,157,11,33,http://localhost:8083/?token=492552074&user=2129825963&config=2,1138,0,0
1727431658166,1139,conf2,200,OK,conf2 2-5,text,false,"The operation lasted too long: It took 1,139 milliseconds, but should not have lasted longer than 930 milliseconds.",231,157,11,33,http://localhost:8083/?token=492552074&user=2129825963&config=2,1139,0,0
1727431658166,1139,conf2,200,OK,conf2 2-1,text,false,"The operation lasted too long: It took 1,139 milliseconds, but should not have lasted longer than 930 milliseconds.",231,157,11,33,http://localhost:8083/?token=492552074&user=2129825963&config=2,1139,0,0
1727431657787,1516,conf1,200,OK,conf1 1-1,text,false,"The operation lasted too long: It took 1,516 milliseconds, but should not have lasted longer than 930 milliseconds.",231,157,11,33,http://localhost:8083/?token=492552074&user=2129825963&config=1,1516,0,0
1727431658172,1133,conf3,200,OK,conf3 3-7,text,false,"The operation lasted too long: It took 1,133 milliseconds, but should not have lasted longer than 930 milliseconds.",231,157,11,33,http://localhost:8083/?token=492552074&user=2129825963&config=3,1133,0,0
1727431658165,1140,conf2,200,OK,conf2 2-8,text,false,"The operation lasted too long: It took 1,140 milliseconds, but should not have lasted longer than 930 milliseconds.",231,157,11,33,http://localhost:8083/?token=492552074&user=2129825963&config=2,1140,0,0
1727431658171,1134,conf3,200,OK,conf3 3-9,text,false,"The operation lasted too long: It took 1,134 milliseconds, but should not have lasted longer than 930 milliseconds.",231,157,11,33,http://localhost:8083/?token=492552074&user=2129825963&config=3,1134,0,0
1727431657790,1515,conf1,200,OK,conf1 1-11,text,false,"The operation lasted too long: It took 1,515 milliseconds, but should not have lasted longer than 930 milliseconds.",231,157,11,33,http://localhost:8083/?token=492552074&user=2129825963&config=1,1515,0,0
1727431657788,1517,conf1,200,OK,conf1 1-5,text,false,"The operation lasted too long: It took 1,517 milliseconds, but should not have lasted longer than 930 milliseconds.",231,157,11,33,http://localhost:8083/?token=492552074&user=2129825963&config=1,1517,0,0
1727431657790,1515,conf1,200,OK,conf1 1-7,text,false,"The operation lasted too long: It took 1,515 milliseconds, but should not have lasted longer than 930 milliseconds.",231,157,11,33,http://localhost:8083/?token=492552074&user=2129825963&config=1,1515,0,0
1727431658167,1170,conf2,200,OK,conf2 2-4,text,false,"The operation lasted too long: It took 1,170 milliseconds, but should not have lasted longer than 930 milliseconds.",231,157,11,33,http://localhost:8083/?token=492552074&user=2129825963&config=2,1170,0,0
1727431658167,1171,conf2,200,OK,conf2 2-7,text,false,"The operation lasted too long: It took 1,171 milliseconds, but should not have lasted longer than 930 milliseconds.",231,157,11,33,http://localhost:8083/?token=492552074&user=2129825963&config=2,1171,0,0
1727431658167,1170,conf2,200,OK,conf2 2-2,text,false,"The operation lasted too long: It took 1,170 milliseconds, but should not have lasted longer than 930 milliseconds.",231,157,11,33,http://localhost:8083/?token=492552074&user=2129825963&config=2,1170,0,0
1727431657788,1550,conf1,200,OK,conf1 1-2,text,false,"The operation lasted too long: It took 1,550 milliseconds, but should not have lasted longer than 930 milliseconds.",231,157,11,33,http://localhost:8083/?token=492552074&user=2129825963&config=1,1550,0,0
1727431658594,1749,conf1,200,OK,conf1 1-9,text,false,"The operation lasted too long: It took 1,749 milliseconds, but should not have lasted longer than 930 milliseconds.",231,157,11,33,http://localhost:8083/?token=492552074&user=2129825963&config=1,1749,0,0
1727431659671,700,conf3,200,OK,conf3 3-7,text,true,,231,157,11,33,http://localhost:8083/?token=492552074&user=2129825963&config=3,700,0,0
1727431659671,701,conf3,200,OK,conf3 3-9,text,true,,231,157,11,33,http://localhost:8083/?token=492552074&user=2129825963&config=3,700,0,0
1727431659671,700,conf3,200,OK,conf3 3-1,text,true,,231,157,11,33,http://localhost:8083/?token=492552074&user=2129825963&config=3,700,0,0
1727431659671,730,conf3,200,OK,conf3 3-3,text,true,,231,157,11,33,http://localhost:8083/?token=492552074&user=2129825963&config=3,730,0,0
1727431659672,729,conf3,200,OK,conf3 3-5,text,true,,231,157,11,33,http://localhost:8083/?token=492552074&user=2129825963&config=3,729,0,0
1727431659672,730,conf3,200,OK,conf3 3-11,text,true,,231,157,11,33,http://localhost:8083/?token=492552074&user=2129825963&config=3,730,0,0
1727431658804,1612,conf1,200,OK,conf1 1-3,text,false,"The operation lasted too long: It took 1,612 milliseconds, but should not have lasted longer than 930 milliseconds.",231,157,11,33,http://localhost:8083/?token=492552074&user=2129825963&config=1,1612,0,0
1727431659672,745,conf3,200,OK,conf3 3-2,text,true,,231,157,11,33,http://localhost:8083/?token=492552074&user=2129825963&config=3,745,0,0
1727431659672,746,conf3,200,OK,conf3 3-4,text,true,,231,157,11,33,http://localhost:8083/?token=492552074&user=2129825963&config=3,746,0,0
1727431659672,748,conf3,200,OK,conf3 3-8,text,true,,231,157,11,33,http://localhost:8083/?token=492552074&user=2129825963&config=3,748,0,0
1727431659672,748,conf3,200,OK,conf3 3-6,text,true,,231,157,11,33,http://localhost:8083/?token=492552074&user=2129825963&config=3,748,0,0
1727431658760,1689,conf1,200,OK,conf1 1-4,text,false,"The operation lasted too long: It took 1,689 milliseconds, but should not have lasted longer than 930 milliseconds.",231,157,11,33,http://localhost:8083/?token=492552074&user=2129825963&config=1,1689,0,0
1727431658844,1607,conf1,200,OK,conf1 1-8,text,false,"The operation lasted too long: It took 1,607 milliseconds, but should not have lasted longer than 930 milliseconds.",231,157,11,33,http://localhost:8083/?token=492552074&user=2129825963&config=1,1607,0,0
1727431658647,1804,conf1,200,OK,conf1 1-10,text,false,"The operation lasted too long: It took 1,804 milliseconds, but should not have lasted longer than 930 milliseconds.",231,157,11,33,http://localhost:8083/?token=492552074&user=2129825963&config=1,1804,0,0
1727431659671,1134,conf2,200,OK,conf2 2-9,text,false,"The operation lasted too long: It took 1,134 milliseconds, but should not have lasted longer than 930 milliseconds.",231,157,11,33,http://localhost:8083/?token=492552074&user=2129825963&config=2,1134,0,0
1727431659671,1135,conf2,200,OK,conf2 2-11,text,false,"The operation lasted too long: It took 1,135 milliseconds, but should not have lasted longer than 930 milliseconds.",231,157,11,33,http://localhost:8083/?token=492552074&user=2129825963&config=2,1135,0,0
1727431659306,1500,conf1,200,OK,conf1 1-1,text,false,"The operation lasted too long: It took 1,500 milliseconds, but should not have lasted longer than 930 milliseconds.",231,157,11,33,http://localhost:8083/?token=492552074&user=2129825963&config=1,1500,0,0
1727431659304,1502,conf1,200,OK,conf1 1-6,text,false,"The operation lasted too long: It took 1,502 milliseconds, but should not have lasted longer than 930 milliseconds.",231,157,11,33,http://localhost:8083/?token=492552074&user=2129825963&config=1,1502,0,0
1727431659670,1136,conf2,200,OK,conf2 2-3,text,false,"The operation lasted too long: It took 1,136 milliseconds, but should not have lasted longer than 930 milliseconds.",231,157,11,33,http://localhost:8083/?token=492552074&user=2129825963&config=2,1136,0,0
1727431659671,1135,conf2,200,OK,conf2 2-10,text,false,"The operation lasted too long: It took 1,135 milliseconds, but should not have lasted longer than 930 milliseconds.",231,157,11,33,http://localhost:8083/?token=492552074&user=2129825963&config=2,1135,0,0
1727431659670,1136,conf2,200,OK,conf2 2-6,text,false,"The operation lasted too long: It took 1,136 milliseconds, but should not have lasted longer than 930 milliseconds.",231,157,11,33,http://localhost:8083/?token=492552074&user=2129825963&config=2,1136,0,0
1727431659671,1135,conf2,200,OK,conf2 2-8,text,false,"The operation lasted too long: It took 1,135 milliseconds, but should not have lasted longer than 930 milliseconds.",231,157,11,33,http://localhost:8083/?token=492552074&user=2129825963&config=2,1135,0,0
1727431659670,1136,conf2,200,OK,conf2 2-1,text,false,"The operation lasted too long: It took 1,136 milliseconds, but should not have lasted longer than 930 milliseconds.",231,157,11,33,http://localhost:8083/?token=492552074&user=2129825963&config=2,1136,0,0
1727431659670,1136,conf2,200,OK,conf2 2-2,text,false,"The operation lasted too long: It took 1,136 milliseconds, but should not have lasted longer than 930 milliseconds.",231,157,11,33,http://localhost:8083/?token=492552074&user=2129825963&config=2,1136,0,0
1727431659306,1500,conf1,200,OK,conf1 1-11,text,false,"The operation lasted too long: It took 1,500 milliseconds, but should not have lasted longer than 930 milliseconds.",231,157,11,33,http://localhost:8083/?token=492552074&user=2129825963&config=1,1500,0,0
1727431659671,1135,conf2,200,OK,conf2 2-5,text,false,"The operation lasted too long: It took 1,135 milliseconds, but should not have lasted longer than 930 milliseconds.",231,157,11,33,http://localhost:8083/?token=492552074&user=2129825963&config=2,1135,0,0
1727431659306,1500,conf1,200,OK,conf1 1-7,text,false,"The operation lasted too long: It took 1,500 milliseconds, but should not have lasted longer than 930 milliseconds.",231,157,11,33,http://localhost:8083/?token=492552074&user=2129825963&config=1,1500,0,0
1727431659306,1500,conf1,200,OK,conf1 1-5,text,false,"The operation lasted too long: It took 1,500 milliseconds, but should not have lasted longer than 930 milliseconds.",231,157,11,33,http://localhost:8083/?token=492552074&user=2129825963&config=1,1500,0,0
1727431659669,1137,conf2,200,OK,conf2 2-7,text,false,"The operation lasted too long: It took 1,137 milliseconds, but should not have lasted longer than 930 milliseconds.",231,157,11,33,http://localhost:8083/?token=492552074&user=2129825963&config=2,1137,0,0
1727431659669,1137,conf2,200,OK,conf2 2-4,text,false,"The operation lasted too long: It took 1,137 milliseconds, but should not have lasted longer than 930 milliseconds.",231,157,11,33,http://localhost:8083/?token=492552074&user=2129825963&config=2,1137,0,0
1727431659339,1504,conf1,200,OK,conf1 1-2,text,false,"The operation lasted too long: It took 1,504 milliseconds, but should not have lasted longer than 930 milliseconds.",231,157,11,33,http://localhost:8083/?token=492552074&user=2129825963&config=1,1504,0,0
1727431659672,1171,conf3,200,OK,conf3 3-10,text,false,"The operation lasted too long: It took 1,171 milliseconds, but should not have lasted longer than 930 milliseconds.",231,157,11,33,http://localhost:8083/?token=492552074&user=2129825963&config=3,1171,0,0
1727431661166,651,conf3,200,OK,conf3 3-6,text,true,,231,157,11,33,http://localhost:8083/?token=492552074&user=2129825963&config=3,651,0,0
1727431660345,1508,conf1,200,OK,conf1 1-9,text,false,"The operation lasted too long: It took 1,508 milliseconds, but should not have lasted longer than 930 milliseconds.",231,157,11,33,http://localhost:8083/?token=492552074&user=2129825963&config=1,1508,0,0
1727431661169,684,conf3,200,OK,conf3 3-1,text,true,,231,157,11,33,http://localhost:8083/?token=492552074&user=2129825963&config=3,684,0,0
1727431661167,686,conf3,200,OK,conf3 3-8,text,true,,231,157,11,33,http://localhost:8083/?token=492552074&user=2129825963&config=3,686,0,0
1727431661169,685,conf3,200,OK,conf3 3-10,text,true,,231,157,11,33,http://localhost:8083/?token=492552074&user=2129825963&config=3,685,0,0
1727431661169,706,conf3,200,OK,conf3 3-3,text,true,,231,157,11,33,http://localhost:8083/?token=492552074&user=2129825963&config=3,706,0,0
1727431661169,706,conf3,200,OK,conf3 3-2,text,true,,231,157,11,33,http://localhost:8083/?token=492552074&user=2129825963&config=3,706,0,0
1727431661170,706,conf3,200,OK,conf3 3-4,text,true,,231,157,11,33,http://localhost:8083/?token=492552074&user=2129825963&config=3,706,0,0
1727431661169,708,conf3,200,OK,conf3 3-5,text,true,,231,157,11,33,http://localhost:8083/?token=492552074&user=2129825963&config=3,708,0,0
1727431661169,708,conf3,200,OK,conf3 3-11,text,true,,231,157,11,33,http://localhost:8083/?token=492552074&user=2129825963&config=3,708,0,0
1727431660418,1511,conf1,200,OK,conf1 1-3,text,false,"The operation lasted too long: It took 1,511 milliseconds, but should not have lasted longer than 930 milliseconds.",231,157,11,33,http://localhost:8083/?token=492552074&user=2129825963&config=1,1511,0,0
1727431661171,758,conf3,200,OK,conf3 3-7,text,true,,231,157,11,33,http://localhost:8083/?token=492552074&user=2129825963&config=3,758,0,0
1727431660450,1514,conf1,200,OK,conf1 1-4,text,false,"The operation lasted too long: It took 1,514 milliseconds, but should not have lasted longer than 930 milliseconds.",231,157,11,33,http://localhost:8083/?token=492552074&user=2129825963&config=1,1514,0,0
1727431660452,1512,conf1,200,OK,conf1 1-8,text,false,"The operation lasted too long: It took 1,512 milliseconds, but should not have lasted longer than 930 milliseconds.",231,157,11,33,http://localhost:8083/?token=492552074&user=2129825963&config=1,1512,0,0
1727431660452,1516,conf1,200,OK,conf1 1-10,text,false,"The operation lasted too long: It took 1,516 milliseconds, but should not have lasted longer than 930 milliseconds.",231,157,11,33,http://localhost:8083/?token=492552074&user=2129825963&config=1,1516,0,0
1727431661164,1045,conf2,200,OK,conf2 2-11,text,false,"The operation lasted too long: It took 1,045 milliseconds, but should not have lasted longer than 930 milliseconds.",231,157,11,33,http://localhost:8083/?token=492552074&user=2129825963&config=2,1045,0,0
1727431661164,1068,conf2,200,OK,conf2 2-5,text,false,"The operation lasted too long: It took 1,068 milliseconds, but should not have lasted longer than 930 milliseconds.",231,157,11,33,http://localhost:8083/?token=492552074&user=2129825963&config=2,1068,0,0
1727431661162,1070,conf2,200,OK,conf2 2-1,text,false,"The operation lasted too long: It took 1,070 milliseconds, but should not have lasted longer than 930 milliseconds.",231,157,11,33,http://localhost:8083/?token=492552074&user=2129825963&config=2,1070,0,0
1727431661167,1065,conf2,200,OK,conf2 2-6,text,false,"The operation lasted too long: It took 1,065 milliseconds, but should not have lasted longer than 930 milliseconds.",231,157,11,33,http://localhost:8083/?token=492552074&user=2129825963&config=2,1065,0,0
1727431661165,1067,conf2,200,OK,conf2 2-8,text,false,"The operation lasted too long: It took 1,067 milliseconds, but should not have lasted longer than 930 milliseconds.",231,157,11,33,http://localhost:8083/?token=492552074&user=2129825963&config=2,1067,0,0
1727431661165,1067,conf2,200,OK,conf2 2-9,text,false,"The operation lasted too long: It took 1,067 milliseconds, but should not have lasted longer than 930 milliseconds.",231,157,11,33,http://localhost:8083/?token=492552074&user=2129825963&config=2,1067,0,0
1727431661169,1113,conf2,200,OK,conf2 2-3,text,false,"The operation lasted too long: It took 1,113 milliseconds, but should not have lasted longer than 930 milliseconds.",231,157,11,33,http://localhost:8083/?token=492552074&user=2129825963&config=2,1113,0,0
1727431661168,1114,conf2,200,OK,conf2 2-2,text,false,"The operation lasted too long: It took 1,114 milliseconds, but should not have lasted longer than 930 milliseconds.",231,157,11,33,http://localhost:8083/?token=492552074&user=2129825963&config=2,1114,0,0
1727431661168,1114,conf2,200,OK,conf2 2-10,text,false,"The operation lasted too long: It took 1,114 milliseconds, but should not have lasted longer than 930 milliseconds.",231,157,11,33,http://localhost:8083/?token=492552074&user=2129825963&config=2,1114,0,0
1727431661168,1114,conf2,200,OK,conf2 2-4,text,false,"The operation lasted too long: It took 1,114 milliseconds, but should not have lasted longer than 930 milliseconds.",231,157,11,33,http://localhost:8083/?token=492552074&user=2129825963&config=2,1114,0,0
1727431661167,1115,conf2,200,OK,conf2 2-7,text,false,"The operation lasted too long: It took 1,115 milliseconds, but should not have lasted longer than 930 milliseconds.",231,157,11,33,http://localhost:8083/?token=492552074&user=2129825963&config=2,1115,0,0
1727431660806,1514,conf1,200,OK,conf1 1-1,text,false,"The operation lasted too long: It took 1,514 milliseconds, but should not have lasted longer than 930 milliseconds.",231,157,11,33,http://localhost:8083/?token=492552074&user=2129825963&config=1,1514,0,0
1727431660806,1515,conf1,200,OK,conf1 1-6,text,false,"The operation lasted too long: It took 1,515 milliseconds, but should not have lasted longer than 930 milliseconds.",231,157,11,33,http://localhost:8083/?token=492552074&user=2129825963&config=1,1515,0,0
1727431660806,1516,conf1,200,OK,conf1 1-11,text,false,"The operation lasted too long: It took 1,516 milliseconds, but should not have lasted longer than 930 milliseconds.",231,157,11,33,http://localhost:8083/?token=492552074&user=2129825963&config=1,1516,0,0
1727431660806,1518,conf1,200,OK,conf1 1-7,text,false,"The operation lasted too long: It took 1,518 milliseconds, but should not have lasted longer than 930 milliseconds.",231,157,11,33,http://localhost:8083/?token=492552074&user=2129825963&config=1,1518,0,0
1727431660807,1518,conf1,200,OK,conf1 1-5,text,false,"The operation lasted too long: It took 1,518 milliseconds, but should not have lasted longer than 930 milliseconds.",231,157,11,33,http://localhost:8083/?token=492552074&user=2129825963&config=1,1518,0,0
1727431660843,1512,conf1,200,OK,conf1 1-2,text,false,"The operation lasted too long: It took 1,512 milliseconds, but should not have lasted longer than 930 milliseconds.",231,157,11,33,http://localhost:8083/?token=492552074&user=2129825963&config=1,1512,0,0
1727431661172,1297,conf3,200,OK,conf3 3-9,text,false,"The operation lasted too long: It took 1,297 milliseconds, but should not have lasted longer than 930 milliseconds.",231,157,11,33,http://localhost:8083/?token=492552074&user=2129825963&config=3,1297,0,0
1727431661854,1560,conf1,200,OK,conf1 1-9,text,false,"The operation lasted too long: It took 1,560 milliseconds, but should not have lasted longer than 930 milliseconds.",231,157,11,33,http://localhost:8083/?token=492552074&user=2129825963&config=1,1560,0,0
1727431662669,750,conf3,200,OK,conf3 3-3,text,true,,231,157,11,33,http://localhost:8083/?token=492552074&user=2129825963&config=3,750,0,0
1727431662670,750,conf3,200,OK,conf3 3-5,text,true,,231,157,11,33,http://localhost:8083/?token=492552074&user=2129825963&config=3,750,0,0
1727431662672,748,conf3,200,OK,conf3 3-8,text,true,,231,157,11,33,http://localhost:8083/?token=492552074&user=2129825963&config=3,748,0,0
1727431662672,748,conf3,200,OK,conf3 3-11,text,true,,231,157,11,33,http://localhost:8083/?token=492552074&user=2129825963&config=3,748,0,0
1727431662673,747,conf3,200,OK,conf3 3-6,text,true,,231,157,11,33,http://localhost:8083/?token=492552074&user=2129825963&config=3,747,0,0
1727431662669,752,conf3,200,OK,conf3 3-1,text,true,,231,157,11,33,http://localhost:8083/?token=492552074&user=2129825963&config=3,752,0,0
1727431662669,752,conf3,200,OK,conf3 3-2,text,true,,231,157,11,33,http://localhost:8083/?token=492552074&user=2129825963&config=3,752,0,0
1727431662673,748,conf3,200,OK,conf3 3-9,text,true,,231,157,11,33,http://localhost:8083/?token=492552074&user=2129825963&config=3,748,0,0
1727431662669,752,conf3,200,OK,conf3 3-4,text,true,,231,157,11,33,http://localhost:8083/?token=492552074&user=2129825963&config=3,752,0,0
1727431662673,748,conf3,200,OK,conf3 3-10,text,true,,231,157,11,33,http://localhost:8083/?token=492552074&user=2129825963&config=3,748,0,0
1727431661968,1537,conf1,200,OK,conf1 1-8,text,false,"The operation lasted too long: It took 1,537 milliseconds, but should not have lasted longer than 930 milliseconds.",231,157,11,33,http://localhost:8083/?token=492552074&user=2129825963&config=1,1537,0,0
1727431661969,1541,conf1,200,OK,conf1 1-10,text,false,"The operation lasted too long: It took 1,541 milliseconds, but should not have lasted longer than 930 milliseconds.",231,157,11,33,http://localhost:8083/?token=492552074&user=2129825963&config=1,1541,0,0
1727431661930,1581,conf1,200,OK,conf1 1-3,text,false,"The operation lasted too long: It took 1,581 milliseconds, but should not have lasted longer than 930 milliseconds.",231,157,11,33,http://localhost:8083/?token=492552074&user=2129825963&config=1,1581,0,0
1727431661966,1539,conf1,200,OK,conf1 1-4,text,false,"The operation lasted too long: It took 1,539 milliseconds, but should not have lasted longer than 930 milliseconds.",231,157,11,33,http://localhost:8083/?token=492552074&user=2129825963&config=1,1539,0,0
1727431662665,1084,conf2,200,OK,conf2 2-4,text,false,"The operation lasted too long: It took 1,084 milliseconds, but should not have lasted longer than 930 milliseconds.",231,157,11,33,http://localhost:8083/?token=492552074&user=2129825963&config=2,1084,0,0
1727431662667,1104,conf2,200,OK,conf2 2-8,text,false,"The operation lasted too long: It took 1,104 milliseconds, but should not have lasted longer than 930 milliseconds.",231,157,11,33,http://localhost:8083/?token=492552074&user=2129825963&config=2,1104,0,0
1727431662321,1450,conf1,200,OK,conf1 1-1,text,false,"The operation lasted too long: It took 1,450 milliseconds, but should not have lasted longer than 930 milliseconds.",231,157,11,33,http://localhost:8083/?token=492552074&user=2129825963&config=1,1450,0,0
1727431662667,1104,conf2,200,OK,conf2 2-5,text,false,"The operation lasted too long: It took 1,104 milliseconds, but should not have lasted longer than 930 milliseconds.",231,157,11,33,http://localhost:8083/?token=492552074&user=2129825963&config=2,1104,0,0
1727431662668,1103,conf2,200,OK,conf2 2-9,text,false,"The operation lasted too long: It took 1,103 milliseconds, but should not have lasted longer than 930 milliseconds.",231,157,11,33,http://localhost:8083/?token=492552074&user=2129825963&config=2,1103,0,0
1727431662668,1103,conf2,200,OK,conf2 2-7,text,false,"The operation lasted too long: It took 1,103 milliseconds, but should not have lasted longer than 930 milliseconds.",231,157,11,33,http://localhost:8083/?token=492552074&user=2129825963&config=2,1103,0,0
1727431662321,1462,conf1,200,OK,conf1 1-6,text,false,"The operation lasted too long: It took 1,462 milliseconds, but should not have lasted longer than 930 milliseconds.",231,157,11,33,http://localhost:8083/?token=492552074&user=2129825963&config=1,1462,0,0
1727431662326,1457,conf1,200,OK,conf1 1-5,text,false,"The operation lasted too long: It took 1,457 milliseconds, but should not have lasted longer than 930 milliseconds.",231,157,11,33,http://localhost:8083/?token=492552074&user=2129825963&config=1,1457,0,0
1727431662322,1461,conf1,200,OK,conf1 1-11,text,false,"The operation lasted too long: It took 1,461 milliseconds, but should not have lasted longer than 930 milliseconds.",231,157,11,33,http://localhost:8083/?token=492552074&user=2129825963&config=1,1461,0,0
1727431662325,1458,conf1,200,OK,conf1 1-7,text,false,"The operation lasted too long: It took 1,458 milliseconds, but should not have lasted longer than 930 milliseconds.",231,157,11,33,http://localhost:8083/?token=492552074&user=2129825963&config=1,1458,0,0
1727431662668,1115,conf2,200,OK,conf2 2-11,text,false,"The operation lasted too long: It took 1,115 milliseconds, but should not have lasted longer than 930 milliseconds.",231,157,11,33,http://localhost:8083/?token=492552074&user=2129825963&config=2,1115,0,0
1727431662356,1457,conf1,200,OK,conf1 1-2,text,false,"The operation lasted too long: It took 1,457 milliseconds, but should not have lasted longer than 930 milliseconds.",231,157,11,33,http://localhost:8083/?token=492552074&user=2129825963&config=1,1457,0,0
1727431662667,1146,conf2,200,OK,conf2 2-6,text,false,"The operation lasted too long: It took 1,146 milliseconds, but should not have lasted longer than 930 milliseconds.",231,157,11,33,http://localhost:8083/?token=492552074&user=2129825963&config=2,1146,0,0
1727431662667,1146,conf2,200,OK,conf2 2-2,text,false,"The operation lasted too long: It took 1,146 milliseconds, but should not have lasted longer than 930 milliseconds.",231,157,11,33,http://localhost:8083/?token=492552074&user=2129825963&config=2,1146,0,0
1727431662666,1147,conf2,200,OK,conf2 2-1,text,false,"The operation lasted too long: It took 1,147 milliseconds, but should not have lasted longer than 930 milliseconds.",231,157,11,33,http://localhost:8083/?token=492552074&user=2129825963&config=2,1147,0,0
1727431662667,1146,conf2,200,OK,conf2 2-3,text,false,"The operation lasted too long: It took 1,146 milliseconds, but should not have lasted longer than 930 milliseconds.",231,157,11,33,http://localhost:8083/?token=492552074&user=2129825963&config=2,1146,0,0
1727431662668,1187,conf2,200,OK,conf2 2-10,text,false,"The operation lasted too long: It took 1,187 milliseconds, but should not have lasted longer than 930 milliseconds.",231,157,11,33,http://localhost:8083/?token=492552074&user=2129825963&config=2,1187,0,0
1727431662670,1342,conf3,200,OK,conf3 3-7,text,false,"The operation lasted too long: It took 1,342 milliseconds, but should not have lasted longer than 930 milliseconds.",231,157,11,33,http://localhost:8083/?token=492552074&user=2129825963&config=3,1342,0,0
1727431664167,681,conf3,200,OK,conf3 3-1,text,true,,231,157,11,33,http://localhost:8083/?token=492552074&user=2129825963&config=3,681,0,0
1727431664169,723,conf3,200,OK,conf3 3-3,text,true,,231,157,11,33,http://localhost:8083/?token=492552074&user=2129825963&config=3,723,0,0
1727431664169,723,conf3,200,OK,conf3 3-4,text,true,,231,157,11,33,http://localhost:8083/?token=492552074&user=2129825963&config=3,723,0,0
1727431664169,724,conf3,200,OK,conf3 3-5,text,true,,231,157,11,33,http://localhost:8083/?token=492552074&user=2129825963&config=3,724,0,0
1727431664169,724,conf3,200,OK,conf3 3-6,text,true,,231,157,11,33,http://localhost:8083/?token=492552074&user=2129825963&config=3,724,0,0
1727431664165,1124,conf2,200,OK,conf2 2-4,text,false,"The operation lasted too long: It took 1,124 milliseconds, but should not have lasted longer than 930 milliseconds.",231,157,11,33,http://localhost:8083/?token=492552074&user=2129825963&config=2,1124,0,0
1727431664167,1122,conf2,200,OK,conf2 2-6,text,false,"The operation lasted too long: It took 1,122 milliseconds, but should not have lasted longer than 930 milliseconds.",231,157,11,33,http://localhost:8083/?token=492552074&user=2129825963&config=2,1122,0,0
1727431664165,1124,conf2,200,OK,conf2 2-11,text,false,"The operation lasted too long: It took 1,124 milliseconds, but should not have lasted longer than 930 milliseconds.",231,157,11,33,http://localhost:8083/?token=492552074&user=2129825963&config=2,1124,0,0
1727431664167,1122,conf2,200,OK,conf2 2-1,text,false,"The operation lasted too long: It took 1,122 milliseconds, but should not have lasted longer than 930 milliseconds.",231,157,11,33,http://localhost:8083/?token=492552074&user=2129825963&config=2,1122,0,0
1727431664169,1120,conf3,200,OK,conf3 3-2,text,false,"The operation lasted too long: It took 1,120 milliseconds, but should not have lasted longer than 930 milliseconds.",231,157,11,33,http://localhost:8083/?token=492552074&user=2129825963&config=3,1120,0,0
1727431664169,1120,conf3,200,OK,conf3 3-8,text,false,"The operation lasted too long: It took 1,120 milliseconds, but should not have lasted longer than 930 milliseconds.",231,157,11,33,http://localhost:8083/?token=492552074&user=2129825963&config=3,1120,0,0
1727431664169,1120,conf3,200,OK,conf3 3-9,text,false,"The operation lasted too long: It took 1,120 milliseconds, but should not have lasted longer than 930 milliseconds.",231,157,11,33,http://localhost:8083/?token=492552074&user=2129825963&config=3,1120,0,0
1727431664169,1120,conf3,200,OK,conf3 3-11,text,false,"The operation lasted too long: It took 1,120 milliseconds, but should not have lasted longer than 930 milliseconds.",231,157,11,33,http://localhost:8083/?token=492552074&user=2129825963&config=3,1120,0,0
1727431664169,1120,conf3,200,OK,conf3 3-10,text,false,"The operation lasted too long: It took 1,120 milliseconds, but should not have lasted longer than 930 milliseconds.",231,157,11,33,http://localhost:8083/?token=492552074&user=2129825963&config=3,1120,0,0
1727431664169,1120,conf2,200,OK,conf2 2-2,text,false,"The operation lasted too long: It took 1,120 milliseconds, but should not have lasted longer than 930 milliseconds.",231,157,11,33,http://localhost:8083/?token=492552074&user=2129825963&config=2,1120,0,0
1727431663511,1779,conf1,200,OK,conf1 1-3,text,false,"The operation lasted too long: It took 1,779 milliseconds, but should not have lasted longer than 930 milliseconds.",231,157,11,33,http://localhost:8083/?token=492552074&user=2129825963&config=1,1779,0,0
1727431663511,1779,conf1,200,OK,conf1 1-8,text,false,"The operation lasted too long: It took 1,779 milliseconds, but should not have lasted longer than 930 milliseconds.",231,157,11,33,http://localhost:8083/?token=492552074&user=2129825963&config=1,1779,0,0
1727431663512,1778,conf1,200,OK,conf1 1-4,text,false,"The operation lasted too long: It took 1,778 milliseconds, but should not have lasted longer than 930 milliseconds.",231,157,11,33,http://localhost:8083/?token=492552074&user=2129825963&config=1,1778,0,0
1727431663418,1872,conf1,200,OK,conf1 1-9,text,false,"The operation lasted too long: It took 1,872 milliseconds, but should not have lasted longer than 930 milliseconds.",231,157,11,33,http://localhost:8083/?token=492552074&user=2129825963&config=1,1872,0,0
1727431663511,1779,conf1,200,OK,conf1 1-10,text,false,"The operation lasted too long: It took 1,779 milliseconds, but should not have lasted longer than 930 milliseconds.",231,157,11,33,http://localhost:8083/?token=492552074&user=2129825963&config=1,1779,0,0
1727431664169,1174,conf2,200,OK,conf2 2-5,text,false,"The operation lasted too long: It took 1,174 milliseconds, but should not have lasted longer than 930 milliseconds.",231,157,11,33,http://localhost:8083/?token=492552074&user=2129825963&config=2,1174,0,0
1727431664169,1175,conf2,200,OK,conf2 2-8,text,false,"The operation lasted too long: It took 1,175 milliseconds, but should not have lasted longer than 930 milliseconds.",231,157,11,33,http://localhost:8083/?token=492552074&user=2129825963&config=2,1175,0,0
1727431664169,1175,conf2,200,OK,conf2 2-7,text,false,"The operation lasted too long: It took 1,175 milliseconds, but should not have lasted longer than 930 milliseconds.",231,157,11,33,http://localhost:8083/?token=492552074&user=2129825963&config=2,1175,0,0
1727431663825,1520,conf1,200,OK,conf1 1-1,text,false,"The operation lasted too long: It took 1,520 milliseconds, but should not have lasted longer than 930 milliseconds.",231,157,11,33,http://localhost:8083/?token=492552074&user=2129825963&config=1,1520,0,0
1727431663860,1485,conf1,200,OK,conf1 1-2,text,false,"The operation lasted too long: It took 1,485 milliseconds, but should not have lasted longer than 930 milliseconds.",231,157,11,33,http://localhost:8083/?token=492552074&user=2129825963&config=1,1485,0,0
1727431663826,1519,conf1,200,OK,conf1 1-6,text,false,"The operation lasted too long: It took 1,519 milliseconds, but should not have lasted longer than 930 milliseconds.",231,157,11,33,http://localhost:8083/?token=492552074&user=2129825963&config=1,1519,0,0
1727431664169,1176,conf2,200,OK,conf2 2-10,text,false,"The operation lasted too long: It took 1,176 milliseconds, but should not have lasted longer than 930 milliseconds.",231,157,11,33,http://localhost:8083/?token=492552074&user=2129825963&config=2,1176,0,0
1727431664169,1176,conf2,200,OK,conf2 2-3,text,false,"The operation lasted too long: It took 1,176 milliseconds, but should not have lasted longer than 930 milliseconds.",231,157,11,33,http://localhost:8083/?token=492552074&user=2129825963&config=2,1176,0,0
1727431663826,1520,conf1,200,OK,conf1 1-11,text,false,"The operation lasted too long: It took 1,520 milliseconds, but should not have lasted longer than 930 milliseconds.",231,157,11,33,http://localhost:8083/?token=492552074&user=2129825963&config=1,1520,0,0
1727431663827,1519,conf1,200,OK,conf1 1-5,text,false,"The operation lasted too long: It took 1,519 milliseconds, but should not have lasted longer than 930 milliseconds.",231,157,11,33,http://localhost:8083/?token=492552074&user=2129825963&config=1,1519,0,0
1727431664169,1174,conf2,200,OK,conf2 2-9,text,false,"The operation lasted too long: It took 1,174 milliseconds, but should not have lasted longer than 930 milliseconds.",231,157,11,33,http://localhost:8083/?token=492552074&user=2129825963&config=2,1174,0,0
1727431663825,1520,conf1,200,OK,conf1 1-7,text,false,"The operation lasted too long: It took 1,520 milliseconds, but should not have lasted longer than 930 milliseconds.",231,157,11,33,http://localhost:8083/?token=492552074&user=2129825963&config=1,1520,0,0
1727431664169,1327,conf3,200,OK,conf3 3-7,text,false,"The operation lasted too long: It took 1,327 milliseconds, but should not have lasted longer than 930 milliseconds.",231,157,11,33,http://localhost:8083/?token=492552074&user=2129825963&config=3,1327,0,0
1727431665671,717,conf3,200,OK,conf3 3-4,text,true,,231,157,11,33,http://localhost:8083/?token=492552074&user=2129825963&config=3,717,0,0
1727431665671,717,conf3,200,OK,conf3 3-5,text,true,,231,157,11,33,http://localhost:8083/?token=492552074&user=2129825963&config=3,717,0,0
1727431665671,735,conf3,200,OK,conf3 3-1,text,true,,231,157,11,33,http://localhost:8083/?token=492552074&user=2129825963&config=3,735,0,0
1727431665672,734,conf3,200,OK,conf3 3-7,text,true,,231,157,11,33,http://localhost:8083/?token=492552074&user=2129825963&config=3,734,0,0
1727431665672,735,conf3,200,OK,conf3 3-8,text,true,,231,157,11,33,http://localhost:8083/?token=492552074&user=2129825963&config=3,735,0,0
1727431665672,735,conf3,200,OK,conf3 3-9,text,true,,231,157,11,33,http://localhost:8083/?token=492552074&user=2129825963&config=3,735,0,0
1727431665672,735,conf3,200,OK,conf3 3-10,text,true,,231,157,11,33,http://localhost:8083/?token=492552074&user=2129825963&config=3,735,0,0
1727431665671,771,conf3,200,OK,conf3 3-3,text,true,,231,157,11,33,http://localhost:8083/?token=492552074&user=2129825963&config=3,771,0,0
1727431665672,770,conf3,200,OK,conf3 3-6,text,true,,231,157,11,33,http://localhost:8083/?token=492552074&user=2129825963&config=3,770,0,0
1727431665672,770,conf3,200,OK,conf3 3-11,text,true,,231,157,11,33,http://localhost:8083/?token=492552074&user=2129825963&config=3,770,0,0
1727431665662,1066,conf2,200,OK,conf2 2-2,text,false,"The operation lasted too long: It took 1,066 milliseconds, but should not have lasted longer than 930 milliseconds.",231,157,11,33,http://localhost:8083/?token=492552074&user=2129825963&config=2,1066,0,0
1727431665663,1076,conf2,200,OK,conf2 2-3,text,false,"The operation lasted too long: It took 1,076 milliseconds, but should not have lasted longer than 930 milliseconds.",231,157,11,33,http://localhost:8083/?token=492552074&user=2129825963&config=2,1076,0,0
1727431665663,1076,conf2,200,OK,conf2 2-9,text,false,"The operation lasted too long: It took 1,076 milliseconds, but should not have lasted longer than 930 milliseconds.",231,157,11,33,http://localhost:8083/?token=492552074&user=2129825963&config=2,1076,0,0
1727431665663,1076,conf2,200,OK,conf2 2-5,text,false,"The operation lasted too long: It took 1,076 milliseconds, but should not have lasted longer than 930 milliseconds.",231,157,11,33,http://localhost:8083/?token=492552074&user=2129825963&config=2,1076,0,0
1727431665289,1450,conf1,200,OK,conf1 1-8,text,false,"The operation lasted too long: It took 1,450 milliseconds, but should not have lasted longer than 930 milliseconds.",231,157,11,33,http://localhost:8083/?token=492552074&user=2129825963&config=1,1450,0,0
1727431665289,1451,conf1,200,OK,conf1 1-3,text,false,"The operation lasted too long: It took 1,451 milliseconds, but should not have lasted longer than 930 milliseconds.",231,157,11,33,http://localhost:8083/?token=492552074&user=2129825963&config=1,1451,0,0
1727431665670,1095,conf2,200,OK,conf2 2-8,text,false,"The operation lasted too long: It took 1,095 milliseconds, but should not have lasted longer than 930 milliseconds.",231,157,11,33,http://localhost:8083/?token=492552074&user=2129825963&config=2,1095,0,0
1727431665289,1476,conf1,200,OK,conf1 1-4,text,false,"The operation lasted too long: It took 1,476 milliseconds, but should not have lasted longer than 930 milliseconds.",231,157,11,33,http://localhost:8083/?token=492552074&user=2129825963&config=1,1476,0,0
1727431665289,1476,conf1,200,OK,conf1 1-10,text,false,"The operation lasted too long: It took 1,476 milliseconds, but should not have lasted longer than 930 milliseconds.",231,157,11,33,http://localhost:8083/?token=492552074&user=2129825963&config=1,1476,0,0
1727431665289,1476,conf1,200,OK,conf1 1-9,text,false,"The operation lasted too long: It took 1,476 milliseconds, but should not have lasted longer than 930 milliseconds.",231,157,11,33,http://localhost:8083/?token=492552074&user=2129825963&config=1,1476,0,0
1727431665669,1096,conf2,200,OK,conf2 2-7,text,false,"The operation lasted too long: It took 1,096 milliseconds, but should not have lasted longer than 930 milliseconds.",231,157,11,33,http://localhost:8083/?token=492552074&user=2129825963&config=2,1096,0,0
1727431665670,1132,conf2,200,OK,conf2 2-11,text,false,"The operation lasted too long: It took 1,132 milliseconds, but should not have lasted longer than 930 milliseconds.",231,157,11,33,http://localhost:8083/?token=492552074&user=2129825963&config=2,1132,0,0
1727431665671,1131,conf2,200,OK,conf2 2-10,text,false,"The operation lasted too long: It took 1,131 milliseconds, but should not have lasted longer than 930 milliseconds.",231,157,11,33,http://localhost:8083/?token=492552074&user=2129825963&config=2,1131,0,0
1727431665670,1132,conf2,200,OK,conf2 2-4,text,false,"The operation lasted too long: It took 1,132 milliseconds, but should not have lasted longer than 930 milliseconds.",231,157,11,33,http://localhost:8083/?token=492552074&user=2129825963&config=2,1132,0,0
1727431665670,1132,conf2,200,OK,conf2 2-1,text,false,"The operation lasted too long: It took 1,132 milliseconds, but should not have lasted longer than 930 milliseconds.",231,157,11,33,http://localhost:8083/?token=492552074&user=2129825963&config=2,1132,0,0
1727431665670,1132,conf2,200,OK,conf2 2-6,text,false,"The operation lasted too long: It took 1,132 milliseconds, but should not have lasted longer than 930 milliseconds.",231,157,11,33,http://localhost:8083/?token=492552074&user=2129825963&config=2,1132,0,0
1727431665344,1496,conf1,200,OK,conf1 1-1,text,false,"The operation lasted too long: It took 1,496 milliseconds, but should not have lasted longer than 930 milliseconds.",231,157,11,33,http://localhost:8083/?token=492552074&user=2129825963&config=1,1496,0,0
1727431665345,1497,conf1,200,OK,conf1 1-11,text,false,"The operation lasted too long: It took 1,497 milliseconds, but should not have lasted longer than 930 milliseconds.",231,157,11,33,http://localhost:8083/?token=492552074&user=2129825963&config=1,1497,0,0
1727431665345,1497,conf1,200,OK,conf1 1-7,text,false,"The operation lasted too long: It took 1,497 milliseconds, but should not have lasted longer than 930 milliseconds.",231,157,11,33,http://localhost:8083/?token=492552074&user=2129825963&config=1,1497,0,0
1727431665345,1497,conf1,200,OK,conf1 1-5,text,false,"The operation lasted too long: It took 1,497 milliseconds, but should not have lasted longer than 930 milliseconds.",231,157,11,33,http://localhost:8083/?token=492552074&user=2129825963&config=1,1497,0,0
1727431665344,1499,conf1,200,OK,conf1 1-6,text,false,"The operation lasted too long: It took 1,499 milliseconds, but should not have lasted longer than 930 milliseconds.",231,157,11,33,http://localhost:8083/?token=492552074&user=2129825963&config=1,1499,0,0
1727431665355,1494,conf1,200,OK,conf1 1-2,text,false,"The operation lasted too long: It took 1,494 milliseconds, but should not have lasted longer than 930 milliseconds.",231,157,11,33,http://localhost:8083/?token=492552074&user=2129825963&config=1,1494,0,0
1727431665671,1356,conf3,200,OK,conf3 3-2,text,false,"The operation lasted too long: It took 1,356 milliseconds, but should not have lasted longer than 930 milliseconds.",231,157,11,33,http://localhost:8083/?token=492552074&user=2129825963&config=3,1356,0,0
1727431667171,684,conf3,200,OK,conf3 3-1,text,true,,231,157,11,33,http://localhost:8083/?token=492552074&user=2129825963&config=3,684,0,0
1727431667171,724,conf3,200,OK,conf3 3-4,text,true,,231,157,11,33,http://localhost:8083/?token=492552074&user=2129825963&config=3,724,0,0
1727431667172,724,conf3,200,OK,conf3 3-5,text,true,,231,157,11,33,http://localhost:8083/?token=492552074&user=2129825963&config=3,724,0,0
1727431667171,724,conf3,200,OK,conf3 3-2,text,true,,231,157,11,33,http://localhost:8083/?token=492552074&user=2129825963&config=3,724,0,0
1727431667172,740,conf3,200,OK,conf3 3-3,text,true,,231,157,11,33,http://localhost:8083/?token=492552074&user=2129825963&config=3,740,0,0
1727431667172,740,conf3,200,OK,conf3 3-6,text,true,,231,157,11,33,http://localhost:8083/?token=492552074&user=2129825963&config=3,740,0,0
1727431667172,740,conf3,200,OK,conf3 3-11,text,true,,231,157,11,33,http://localhost:8083/?token=492552074&user=2129825963&config=3,740,0,0
1727431667172,740,conf3,200,OK,conf3 3-9,text,true,,231,157,11,33,http://localhost:8083/?token=492552074&user=2129825963&config=3,740,0,0
1727431667172,741,conf3,200,OK,conf3 3-10,text,true,,231,157,11,33,http://localhost:8083/?token=492552074&user=2129825963&config=3,741,0,0
1727431667172,878,conf3,200,OK,conf3 3-7,text,true,,231,157,11,33,http://localhost:8083/?token=492552074&user=2129825963&config=3,877,0,0
1727431667165,1054,conf2,200,OK,conf2 2-4,text,false,"The operation lasted too long: It took 1,054 milliseconds, but should not have lasted longer than 930 milliseconds.",231,157,11,33,http://localhost:8083/?token=492552074&user=2129825963&config=2,1054,0,0
1727431666793,1441,conf1,200,OK,conf1 1-4,text,false,"The operation lasted too long: It took 1,441 milliseconds, but should not have lasted longer than 930 milliseconds.",231,157,11,33,http://localhost:8083/?token=492552074&user=2129825963&config=1,1441,0,0
1727431667169,1067,conf2,200,OK,conf2 2-7,text,false,"The operation lasted too long: It took 1,067 milliseconds, but should not have lasted longer than 930 milliseconds.",231,157,11,33,http://localhost:8083/?token=492552074&user=2129825963&config=2,1067,0,0
1727431667162,1074,conf2,200,OK,conf2 2-5,text,false,"The operation lasted too long: It took 1,074 milliseconds, but should not have lasted longer than 930 milliseconds.",231,157,11,33,http://localhost:8083/?token=492552074&user=2129825963&config=2,1074,0,0
1727431667166,1070,conf2,200,OK,conf2 2-1,text,false,"The operation lasted too long: It took 1,070 milliseconds, but should not have lasted longer than 930 milliseconds.",231,157,11,33,http://localhost:8083/?token=492552074&user=2129825963&config=2,1070,0,0
1727431667167,1069,conf2,200,OK,conf2 2-9,text,false,"The operation lasted too long: It took 1,069 milliseconds, but should not have lasted longer than 930 milliseconds.",231,157,11,33,http://localhost:8083/?token=492552074&user=2129825963&config=2,1069,0,0
1727431666795,1458,conf1,200,OK,conf1 1-8,text,false,"The operation lasted too long: It took 1,458 milliseconds, but should not have lasted longer than 930 milliseconds.",231,157,11,33,http://localhost:8083/?token=492552074&user=2129825963&config=1,1458,0,0
1727431666794,1459,conf1,200,OK,conf1 1-10,text,false,"The operation lasted too long: It took 1,459 milliseconds, but should not have lasted longer than 930 milliseconds.",231,157,11,33,http://localhost:8083/?token=492552074&user=2129825963&config=1,1459,0,0
1727431667166,1087,conf2,200,OK,conf2 2-3,text,false,"The operation lasted too long: It took 1,087 milliseconds, but should not have lasted longer than 930 milliseconds.",231,157,11,33,http://localhost:8083/?token=492552074&user=2129825963&config=2,1087,0,0
1727431666794,1460,conf1,200,OK,conf1 1-3,text,false,"The operation lasted too long: It took 1,460 milliseconds, but should not have lasted longer than 930 milliseconds.",231,157,11,33,http://localhost:8083/?token=492552074&user=2129825963&config=1,1460,0,0
1727431667167,1087,conf2,200,OK,conf2 2-2,text,false,"The operation lasted too long: It took 1,087 milliseconds, but should not have lasted longer than 930 milliseconds.",231,157,11,33,http://localhost:8083/?token=492552074&user=2129825963&config=2,1087,0,0
1727431667167,1140,conf2,200,OK,conf2 2-6,text,false,"The operation lasted too long: It took 1,140 milliseconds, but should not have lasted longer than 930 milliseconds.",231,157,11,33,http://localhost:8083/?token=492552074&user=2129825963&config=2,1140,0,0
1727431667170,1137,conf2,200,OK,conf2 2-10,text,false,"The operation lasted too long: It took 1,137 milliseconds, but should not have lasted longer than 930 milliseconds.",231,157,11,33,http://localhost:8083/?token=492552074&user=2129825963&config=2,1137,0,0
1727431667170,1137,conf2,200,OK,conf2 2-11,text,false,"The operation lasted too long: It took 1,137 milliseconds, but should not have lasted longer than 930 milliseconds.",231,157,11,33,http://localhost:8083/?token=492552074&user=2129825963&config=2,1137,0,0
1727431667170,1138,conf2,200,OK,conf2 2-8,text,false,"The operation lasted too long: It took 1,138 milliseconds, but should not have lasted longer than 930 milliseconds.",231,157,11,33,http://localhost:8083/?token=492552074&user=2129825963&config=2,1138,0,0
1727431666790,1518,conf1,200,OK,conf1 1-9,text,false,"The operation lasted too long: It took 1,518 milliseconds, but should not have lasted longer than 930 milliseconds.",231,157,11,33,http://localhost:8083/?token=492552074&user=2129825963&config=1,1518,0,0
1727431666845,1500,conf1,200,OK,conf1 1-1,text,false,"The operation lasted too long: It took 1,500 milliseconds, but should not have lasted longer than 930 milliseconds.",231,157,11,33,http://localhost:8083/?token=492552074&user=2129825963&config=1,1500,0,0
1727431666845,1533,conf1,200,OK,conf1 1-6,text,false,"The operation lasted too long: It took 1,533 milliseconds, but should not have lasted longer than 930 milliseconds.",231,157,11,33,http://localhost:8083/?token=492552074&user=2129825963&config=1,1533,0,0
1727431666856,1522,conf1,200,OK,conf1 1-2,text,false,"The operation lasted too long: It took 1,522 milliseconds, but should not have lasted longer than 930 milliseconds.",231,157,11,33,http://localhost:8083/?token=492552074&user=2129825963&config=1,1522,0,0
1727431666846,1532,conf1,200,OK,conf1 1-11,text,false,"The operation lasted too long: It took 1,532 milliseconds, but should not have lasted longer than 930 milliseconds.",231,157,11,33,http://localhost:8083/?token=492552074&user=2129825963&config=1,1532,0,0
1727431666846,1532,conf1,200,OK,conf1 1-7,text,false,"The operation lasted too long: It took 1,532 milliseconds, but should not have lasted longer than 930 milliseconds.",231,157,11,33,http://localhost:8083/?token=492552074&user=2129825963&config=1,1532,0,0
1727431666846,1532,conf1,200,OK,conf1 1-5,text,false,"The operation lasted too long: It took 1,532 milliseconds, but should not have lasted longer than 930 milliseconds.",231,157,11,33,http://localhost:8083/?token=492552074&user=2129825963&config=1,1532,0,0
1727431667171,1346,conf3,200,OK,conf3 3-8,text,false,"The operation lasted too long: It took 1,346 milliseconds, but should not have lasted longer than 930 milliseconds.",231,157,11,33,http://localhost:8083/?token=492552074&user=2129825963&config=3,1346,0,0
1727431668674,732,conf3,200,OK,conf3 3-8,text,true,,231,157,11,33,http://localhost:8083/?token=492552074&user=2129825963&config=3,732,0,0
1727431668674,752,conf3,200,OK,conf3 3-1,text,true,,231,157,11,33,http://localhost:8083/?token=492552074&user=2129825963&config=3,752,0,0
1727431668674,753,conf3,200,OK,conf3 3-3,text,true,,231,157,11,33,http://localhost:8083/?token=492552074&user=2129825963&config=3,752,0,0
1727431668674,753,conf3,200,OK,conf3 3-4,text,true,,231,157,11,33,http://localhost:8083/?token=492552074&user=2129825963&config=3,753,0,0
1727431668674,753,conf3,200,OK,conf3 3-5,text,true,,231,157,11,33,http://localhost:8083/?token=492552074&user=2129825963&config=3,753,0,0
1727431668674,753,conf3,200,OK,conf3 3-7,text,true,,231,157,11,33,http://localhost:8083/?token=492552074&user=2129825963&config=3,753,0,0
1727431668674,801,conf3,200,OK,conf3 3-6,text,true,,231,157,11,33,http://localhost:8083/?token=492552074&user=2129825963&config=3,801,0,0
1727431668674,801,conf3,200,OK,conf3 3-9,text,true,,231,157,11,33,http://localhost:8083/?token=492552074&user=2129825963&config=3,801,0,0
1727431668674,801,conf3,200,OK,conf3 3-2,text,true,,231,157,11,33,http://localhost:8083/?token=492552074&user=2129825963&config=3,801,0,0
1727431668674,801,conf3,200,OK,conf3 3-11,text,true,,231,157,11,33,http://localhost:8083/?token=492552074&user=2129825963&config=3,801,0,0
1727431668666,1057,conf2,200,OK,conf2 2-4,text,false,"The operation lasted too long: It took 1,057 milliseconds, but should not have lasted longer than 930 milliseconds.",231,157,11,33,http://localhost:8083/?token=492552074&user=2129825963&config=2,1057,0,0
1727431668295,1454,conf1,200,OK,conf1 1-8,text,false,"The operation lasted too long: It took 1,454 milliseconds, but should not have lasted longer than 930 milliseconds.",231,157,11,33,http://localhost:8083/?token=492552074&user=2129825963&config=1,1454,0,0
1727431668295,1454,conf1,200,OK,conf1 1-4,text,false,"The operation lasted too long: It took 1,454 milliseconds, but should not have lasted longer than 930 milliseconds.",231,157,11,33,http://localhost:8083/?token=492552074&user=2129825963&config=1,1454,0,0
1727431668294,1455,conf1,200,OK,conf1 1-3,text,false,"The operation lasted too long: It took 1,455 milliseconds, but should not have lasted longer than 930 milliseconds.",231,157,11,33,http://localhost:8083/?token=492552074&user=2129825963&config=1,1455,0,0
1727431668666,1083,conf2,200,OK,conf2 2-1,text,false,"The operation lasted too long: It took 1,083 milliseconds, but should not have lasted longer than 930 milliseconds.",231,157,11,33,http://localhost:8083/?token=492552074&user=2129825963&config=2,1083,0,0
1727431668667,1082,conf2,200,OK,conf2 2-3,text,false,"The operation lasted too long: It took 1,082 milliseconds, but should not have lasted longer than 930 milliseconds.",231,157,11,33,http://localhost:8083/?token=492552074&user=2129825963&config=2,1082,0,0
1727431668671,1098,conf2,200,OK,conf2 2-9,text,false,"The operation lasted too long: It took 1,098 milliseconds, but should not have lasted longer than 930 milliseconds.",231,157,11,33,http://localhost:8083/?token=492552074&user=2129825963&config=2,1098,0,0
1727431668669,1100,conf2,200,OK,conf2 2-8,text,false,"The operation lasted too long: It took 1,100 milliseconds, but should not have lasted longer than 930 milliseconds.",231,157,11,33,http://localhost:8083/?token=492552074&user=2129825963&config=2,1100,0,0
1727431668295,1474,conf1,200,OK,conf1 1-10,text,false,"The operation lasted too long: It took 1,474 milliseconds, but should not have lasted longer than 930 milliseconds.",231,157,11,33,http://localhost:8083/?token=492552074&user=2129825963&config=1,1474,0,0
1727431668308,1461,conf1,200,OK,conf1 1-9,text,false,"The operation lasted too long: It took 1,461 milliseconds, but should not have lasted longer than 930 milliseconds.",231,157,11,33,http://localhost:8083/?token=492552074&user=2129825963&config=1,1461,0,0
1727431668671,1098,conf2,200,OK,conf2 2-7,text,false,"The operation lasted too long: It took 1,098 milliseconds, but should not have lasted longer than 930 milliseconds.",231,157,11,33,http://localhost:8083/?token=492552074&user=2129825963&config=2,1098,0,0
1727431668345,1455,conf1,200,OK,conf1 1-1,text,false,"The operation lasted too long: It took 1,455 milliseconds, but should not have lasted longer than 930 milliseconds.",231,157,11,33,http://localhost:8083/?token=492552074&user=2129825963&config=1,1455,0,0
1727431668671,1129,conf2,200,OK,conf2 2-10,text,false,"The operation lasted too long: It took 1,129 milliseconds, but should not have lasted longer than 930 milliseconds.",231,157,11,33,http://localhost:8083/?token=492552074&user=2129825963&config=2,1129,0,0
1727431668670,1130,conf2,200,OK,conf2 2-5,text,false,"The operation lasted too long: It took 1,130 milliseconds, but should not have lasted longer than 930 milliseconds.",231,157,11,33,http://localhost:8083/?token=492552074&user=2129825963&config=2,1130,0,0
1727431668674,1126,conf2,200,OK,conf2 2-6,text,false,"The operation lasted too long: It took 1,126 milliseconds, but should not have lasted longer than 930 milliseconds.",231,157,11,33,http://localhost:8083/?token=492552074&user=2129825963&config=2,1126,0,0
1727431668669,1131,conf2,200,OK,conf2 2-2,text,false,"The operation lasted too long: It took 1,131 milliseconds, but should not have lasted longer than 930 milliseconds.",231,157,11,33,http://localhost:8083/?token=492552074&user=2129825963&config=2,1131,0,0
1727431668379,1449,conf1,200,OK,conf1 1-11,text,false,"The operation lasted too long: It took 1,449 milliseconds, but should not have lasted longer than 930 milliseconds.",231,157,11,33,http://localhost:8083/?token=492552074&user=2129825963&config=1,1449,0,0
1727431668674,1154,conf2,200,OK,conf2 2-11,text,false,"The operation lasted too long: It took 1,154 milliseconds, but should not have lasted longer than 930 milliseconds.",231,157,11,33,http://localhost:8083/?token=492552074&user=2129825963&config=2,1154,0,0
1727431668378,1450,conf1,200,OK,conf1 1-2,text,false,"The operation lasted too long: It took 1,450 milliseconds, but should not have lasted longer than 930 milliseconds.",231,157,11,33,http://localhost:8083/?token=492552074&user=2129825963&config=1,1450,0,0
1727431668379,1486,conf1,200,OK,conf1 1-7,text,false,"The operation lasted too long: It took 1,486 milliseconds, but should not have lasted longer than 930 milliseconds.",231,157,11,33,http://localhost:8083/?token=492552074&user=2129825963&config=1,1486,0,0
1727431668378,1487,conf1,200,OK,conf1 1-6,text,false,"The operation lasted too long: It took 1,487 milliseconds, but should not have lasted longer than 930 milliseconds.",231,157,11,33,http://localhost:8083/?token=492552074&user=2129825963&config=1,1487,0,0
1727431668379,1486,conf1,200,OK,conf1 1-5,text,false,"The operation lasted too long: It took 1,486 milliseconds, but should not have lasted longer than 930 milliseconds.",231,157,11,33,http://localhost:8083/?token=492552074&user=2129825963&config=1,1486,0,0
1727431668674,1407,conf3,200,OK,conf3 3-10,text,false,"The operation lasted too long: It took 1,407 milliseconds, but should not have lasted longer than 930 milliseconds.",231,157,11,33,http://localhost:8083/?token=492552074&user=2129825963&config=3,1407,0,0
1727431670169,771,conf3,200,OK,conf3 3-1,text,true,,231,157,11,33,http://localhost:8083/?token=492552074&user=2129825963&config=3,771,0,0
1727431670169,773,conf3,200,OK,conf3 3-3,text,true,,231,157,11,33,http://localhost:8083/?token=492552074&user=2129825963&config=3,773,0,0
1727431670169,773,conf3,200,OK,conf3 3-4,text,true,,231,157,11,33,http://localhost:8083/?token=492552074&user=2129825963&config=3,773,0,0
1727431670169,773,conf3,200,OK,conf3 3-5,text,true,,231,157,11,33,http://localhost:8083/?token=492552074&user=2129825963&config=3,773,0,0
1727431670169,773,conf3,200,OK,conf3 3-6,text,true,,231,157,11,33,http://localhost:8083/?token=492552074&user=2129825963&config=3,773,0,0
1727431670169,773,conf3,200,OK,conf3 3-8,text,true,,231,157,11,33,http://localhost:8083/?token=492552074&user=2129825963&config=3,773,0,0
1727431670170,911,conf3,200,OK,conf3 3-2,text,true,,231,157,11,33,http://localhost:8083/?token=492552074&user=2129825963&config=3,911,0,0
1727431670170,912,conf3,200,OK,conf3 3-7,text,true,,231,157,11,33,http://localhost:8083/?token=492552074&user=2129825963&config=3,912,0,0
1727431670170,913,conf3,200,OK,conf3 3-10,text,true,,231,157,11,33,http://localhost:8083/?token=492552074&user=2129825963&config=3,913,0,0
1727431670171,912,conf3,200,OK,conf3 3-11,text,true,,231,157,11,33,http://localhost:8083/?token=492552074&user=2129825963&config=3,912,0,0
1727431669790,1438,conf1,200,OK,conf1 1-4,text,false,"The operation lasted too long: It took 1,438 milliseconds, but should not have lasted longer than 930 milliseconds.",231,157,11,33,http://localhost:8083/?token=492552074&user=2129825963&config=1,1438,0,0
1727431669794,1435,conf1,200,OK,conf1 1-8,text,false,"The operation lasted too long: It took 1,435 milliseconds, but should not have lasted longer than 930 milliseconds.",231,157,11,33,http://localhost:8083/?token=492552074&user=2129825963&config=1,1435,0,0
1727431669794,1435,conf1,200,OK,conf1 1-10,text,false,"The operation lasted too long: It took 1,435 milliseconds, but should not have lasted longer than 930 milliseconds.",231,157,11,33,http://localhost:8083/?token=492552074&user=2129825963&config=1,1435,0,0
1727431670164,1065,conf2,200,OK,conf2 2-8,text,false,"The operation lasted too long: It took 1,065 milliseconds, but should not have lasted longer than 930 milliseconds.",231,157,11,33,http://localhost:8083/?token=492552074&user=2129825963&config=2,1065,0,0
1727431670162,1066,conf2,200,OK,conf2 2-3,text,false,"The operation lasted too long: It took 1,066 milliseconds, but should not have lasted longer than 930 milliseconds.",231,157,11,33,http://localhost:8083/?token=492552074&user=2129825963&config=2,1066,0,0
1727431670164,1088,conf2,200,OK,conf2 2-10,text,false,"The operation lasted too long: It took 1,088 milliseconds, but should not have lasted longer than 930 milliseconds.",231,157,11,33,http://localhost:8083/?token=492552074&user=2129825963&config=2,1088,0,0
1727431670165,1089,conf2,200,OK,conf2 2-9,text,false,"The operation lasted too long: It took 1,089 milliseconds, but should not have lasted longer than 930 milliseconds.",231,157,11,33,http://localhost:8083/?token=492552074&user=2129825963&config=2,1089,0,0
1727431670165,1090,conf2,200,OK,conf2 2-1,text,false,"The operation lasted too long: It took 1,090 milliseconds, but should not have lasted longer than 930 milliseconds.",231,157,11,33,http://localhost:8083/?token=492552074&user=2129825963&config=2,1090,0,0
1727431670164,1091,conf2,200,OK,conf2 2-4,text,false,"The operation lasted too long: It took 1,091 milliseconds, but should not have lasted longer than 930 milliseconds.",231,157,11,33,http://localhost:8083/?token=492552074&user=2129825963&config=2,1091,0,0
1727431670167,1091,conf2,200,OK,conf2 2-11,text,false,"The operation lasted too long: It took 1,091 milliseconds, but should not have lasted longer than 930 milliseconds.",231,157,11,33,http://localhost:8083/?token=492552074&user=2129825963&config=2,1091,0,0
1727431670166,1092,conf2,200,OK,conf2 2-5,text,false,"The operation lasted too long: It took 1,092 milliseconds, but should not have lasted longer than 930 milliseconds.",231,157,11,33,http://localhost:8083/?token=492552074&user=2129825963&config=2,1092,0,0
1727431670167,1091,conf2,200,OK,conf2 2-7,text,false,"The operation lasted too long: It took 1,091 milliseconds, but should not have lasted longer than 930 milliseconds.",231,157,11,33,http://localhost:8083/?token=492552074&user=2129825963&config=2,1091,0,0
1727431670166,1092,conf2,200,OK,conf2 2-6,text,false,"The operation lasted too long: It took 1,092 milliseconds, but should not have lasted longer than 930 milliseconds.",231,157,11,33,http://localhost:8083/?token=492552074&user=2129825963&config=2,1092,0,0
1727431669812,1446,conf1,200,OK,conf1 1-9,text,false,"The operation lasted too long: It took 1,446 milliseconds, but should not have lasted longer than 930 milliseconds.",231,157,11,33,http://localhost:8083/?token=492552074&user=2129825963&config=1,1446,0,0
1727431669794,1461,conf1,200,OK,conf1 1-3,text,false,"The operation lasted too long: It took 1,461 milliseconds, but should not have lasted longer than 930 milliseconds.",231,157,11,33,http://localhost:8083/?token=492552074&user=2129825963&config=1,1461,0,0
1727431670167,1134,conf2,200,OK,conf2 2-2,text,false,"The operation lasted too long: It took 1,134 milliseconds, but should not have lasted longer than 930 milliseconds.",231,157,11,33,http://localhost:8083/?token=492552074&user=2129825963&config=2,1134,0,0
1727431669850,1451,conf1,200,OK,conf1 1-1,text,false,"The operation lasted too long: It took 1,451 milliseconds, but should not have lasted longer than 930 milliseconds.",231,157,11,33,http://localhost:8083/?token=492552074&user=2129825963&config=1,1451,0,0
1727431669882,1452,conf1,200,OK,conf1 1-2,text,false,"The operation lasted too long: It took 1,452 milliseconds, but should not have lasted longer than 930 milliseconds.",231,157,11,33,http://localhost:8083/?token=492552074&user=2129825963&config=1,1452,0,0
1727431669880,1454,conf1,200,OK,conf1 1-11,text,false,"The operation lasted too long: It took 1,454 milliseconds, but should not have lasted longer than 930 milliseconds.",231,157,11,33,http://localhost:8083/?token=492552074&user=2129825963&config=1,1454,0,0
1727431669882,1452,conf1,200,OK,conf1 1-6,text,false,"The operation lasted too long: It took 1,452 milliseconds, but should not have lasted longer than 930 milliseconds.",231,157,11,33,http://localhost:8083/?token=492552074&user=2129825963&config=1,1452,0,0
1727431669882,1496,conf1,200,OK,conf1 1-5,text,false,"The operation lasted too long: It took 1,496 milliseconds, but should not have lasted longer than 930 milliseconds.",231,157,11,33,http://localhost:8083/?token=492552074&user=2129825963&config=1,1496,0,0
1727431669880,1498,conf1,200,OK,conf1 1-7,text,false,"The operation lasted too long: It took 1,498 milliseconds, but should not have lasted longer than 930 milliseconds.",231,157,11,33,http://localhost:8083/?token=492552074&user=2129825963&config=1,1498,0,0
1727431670171,1336,conf3,200,OK,conf3 3-9,text,false,"The operation lasted too long: It took 1,336 milliseconds, but should not have lasted longer than 930 milliseconds.",231,157,11,33,http://localhost:8083/?token=492552074&user=2129825963&config=3,1336,0,0
1727431671670,697,conf3,200,OK,conf3 3-4,text,true,,231,157,11,33,http://localhost:8083/?token=492552074&user=2129825963&config=3,697,0,0
1727431671671,723,conf3,200,OK,conf3 3-1,text,true,,231,157,11,33,http://localhost:8083/?token=492552074&user=2129825963&config=3,723,0,0
1727431671671,723,conf3,200,OK,conf3 3-5,text,true,,231,157,11,33,http://localhost:8083/?token=492552074&user=2129825963&config=3,723,0,0
1727431671671,724,conf3,200,OK,conf3 3-6,text,true,,231,157,11,33,http://localhost:8083/?token=492552074&user=2129825963&config=3,724,0,0
1727431671671,724,conf3,200,OK,conf3 3-7,text,true,,231,157,11,33,http://localhost:8083/?token=492552074&user=2129825963&config=3,724,0,0
1727431671671,723,conf3,200,OK,conf3 3-3,text,true,,231,157,11,33,http://localhost:8083/?token=492552074&user=2129825963&config=3,723,0,0
1727431671671,758,conf3,200,OK,conf3 3-8,text,true,,231,157,11,33,http://localhost:8083/?token=492552074&user=2129825963&config=3,758,0,0
1727431671671,758,conf3,200,OK,conf3 3-2,text,true,,231,157,11,33,http://localhost:8083/?token=492552074&user=2129825963&config=3,758,0,0
1727431671671,759,conf3,200,OK,conf3 3-10,text,true,,231,157,11,33,http://localhost:8083/?token=492552074&user=2129825963&config=3,759,0,0
1727431671671,758,conf3,200,OK,conf3 3-11,text,true,,231,157,11,33,http://localhost:8083/?token=492552074&user=2129825963&config=3,758,0,0
1727431671292,1457,conf1,200,OK,conf1 1-3,text,false,"The operation lasted too long: It took 1,457 milliseconds, but should not have lasted longer than 930 milliseconds.",231,157,11,33,http://localhost:8083/?token=492552074&user=2129825963&config=1,1457,0,0
1727431671667,1099,conf2,200,OK,conf2 2-3,text,false,"The operation lasted too long: It took 1,099 milliseconds, but should not have lasted longer than 930 milliseconds.",231,157,11,33,http://localhost:8083/?token=492552074&user=2129825963&config=2,1099,0,0
1727431671669,1100,conf2,200,OK,conf2 2-1,text,false,"The operation lasted too long: It took 1,100 milliseconds, but should not have lasted longer than 930 milliseconds.",231,157,11,33,http://localhost:8083/?token=492552074&user=2129825963&config=2,1100,0,0
1727431671293,1475,conf1,200,OK,conf1 1-8,text,false,"The operation lasted too long: It took 1,475 milliseconds, but should not have lasted longer than 930 milliseconds.",231,157,11,33,http://localhost:8083/?token=492552074&user=2129825963&config=1,1475,0,0
1727431671292,1476,conf1,200,OK,conf1 1-4,text,false,"The operation lasted too long: It took 1,476 milliseconds, but should not have lasted longer than 930 milliseconds.",231,157,11,33,http://localhost:8083/?token=492552074&user=2129825963&config=1,1476,0,0
1727431671293,1476,conf1,200,OK,conf1 1-10,text,false,"The operation lasted too long: It took 1,476 milliseconds, but should not have lasted longer than 930 milliseconds.",231,157,11,33,http://localhost:8083/?token=492552074&user=2129825963&config=1,1476,0,0
1727431671670,1131,conf2,200,OK,conf2 2-11,text,false,"The operation lasted too long: It took 1,131 milliseconds, but should not have lasted longer than 930 milliseconds.",231,157,11,33,http://localhost:8083/?token=492552074&user=2129825963&config=2,1131,0,0
1727431671670,1131,conf2,200,OK,conf2 2-5,text,false,"The operation lasted too long: It took 1,131 milliseconds, but should not have lasted longer than 930 milliseconds.",231,157,11,33,http://localhost:8083/?token=492552074&user=2129825963&config=2,1131,0,0
1727431671670,1131,conf2,200,OK,conf2 2-2,text,false,"The operation lasted too long: It took 1,131 milliseconds, but should not have lasted longer than 930 milliseconds.",231,157,11,33,http://localhost:8083/?token=492552074&user=2129825963&config=2,1131,0,0
1727431671669,1132,conf2,200,OK,conf2 2-8,text,false,"The operation lasted too long: It took 1,132 milliseconds, but should not have lasted longer than 930 milliseconds.",231,157,11,33,http://localhost:8083/?token=492552074&user=2129825963&config=2,1132,0,0
1727431671670,1131,conf2,200,OK,conf2 2-4,text,false,"The operation lasted too long: It took 1,131 milliseconds, but should not have lasted longer than 930 milliseconds.",231,157,11,33,http://localhost:8083/?token=492552074&user=2129825963&config=2,1131,0,0
1727431671670,1140,conf2,200,OK,conf2 2-6,text,false,"The operation lasted too long: It took 1,140 milliseconds, but should not have lasted longer than 930 milliseconds.",231,157,11,33,http://localhost:8083/?token=492552074&user=2129825963&config=2,1140,0,0
1727431671313,1497,conf1,200,OK,conf1 1-9,text,false,"The operation lasted too long: It took 1,497 milliseconds, but should not have lasted longer than 930 milliseconds.",231,157,11,33,http://localhost:8083/?token=492552074&user=2129825963&config=1,1497,0,0
1727431671670,1140,conf2,200,OK,conf2 2-10,text,false,"The operation lasted too long: It took 1,140 milliseconds, but should not have lasted longer than 930 milliseconds.",231,157,11,33,http://localhost:8083/?token=492552074&user=2129825963&config=2,1140,0,0
1727431671670,1140,conf2,200,OK,conf2 2-7,text,false,"The operation lasted too long: It took 1,140 milliseconds, but should not have lasted longer than 930 milliseconds.",231,157,11,33,http://localhost:8083/?token=492552074&user=2129825963&config=2,1140,0,0
1727431671666,1144,conf2,200,OK,conf2 2-9,text,false,"The operation lasted too long: It took 1,144 milliseconds, but should not have lasted longer than 930 milliseconds.",231,157,11,33,http://localhost:8083/?token=492552074&user=2129825963&config=2,1144,0,0
1727431671379,1449,conf1,200,OK,conf1 1-5,text,false,"The operation lasted too long: It took 1,449 milliseconds, but should not have lasted longer than 930 milliseconds.",231,157,11,33,http://localhost:8083/?token=492552074&user=2129825963&config=1,1449,0,0
1727431671348,1480,conf1,200,OK,conf1 1-1,text,false,"The operation lasted too long: It took 1,480 milliseconds, but should not have lasted longer than 930 milliseconds.",231,157,11,33,http://localhost:8083/?token=492552074&user=2129825963&config=1,1480,0,0
1727431671383,1465,conf1,200,OK,conf1 1-2,text,false,"The operation lasted too long: It took 1,465 milliseconds, but should not have lasted longer than 930 milliseconds.",231,157,11,33,http://localhost:8083/?token=492552074&user=2129825963&config=1,1465,0,0
1727431671383,1465,conf1,200,OK,conf1 1-11,text,false,"The operation lasted too long: It took 1,465 milliseconds, but should not have lasted longer than 930 milliseconds.",231,157,11,33,http://localhost:8083/?token=492552074&user=2129825963&config=1,1465,0,0
1727431671379,1469,conf1,200,OK,conf1 1-7,text,false,"The operation lasted too long: It took 1,469 milliseconds, but should not have lasted longer than 930 milliseconds.",231,157,11,33,http://localhost:8083/?token=492552074&user=2129825963&config=1,1469,0,0
1727431671383,1465,conf1,200,OK,conf1 1-6,text,false,"The operation lasted too long: It took 1,465 milliseconds, but should not have lasted longer than 930 milliseconds.",231,157,11,33,http://localhost:8083/?token=492552074&user=2129825963&config=1,1465,0,0
1727431671671,1346,conf3,200,OK,conf3 3-9,text,false,"The operation lasted too long: It took 1,346 milliseconds, but should not have lasted longer than 930 milliseconds.",231,157,11,33,http://localhost:8083/?token=492552074&user=2129825963&config=3,1346,0,0
1727431673170,802,conf3,200,OK,conf3 3-6,text,true,,231,157,11,33,http://localhost:8083/?token=492552074&user=2129825963&config=3,802,0,0
1727431673168,842,conf3,200,OK,conf3 3-3,text,true,,231,157,11,33,http://localhost:8083/?token=492552074&user=2129825963&config=3,842,0,0
1727431673168,843,conf3,200,OK,conf3 3-5,text,true,,231,157,11,33,http://localhost:8083/?token=492552074&user=2129825963&config=3,843,0,0
1727431673171,840,conf3,200,OK,conf3 3-8,text,true,,231,157,11,33,http://localhost:8083/?token=492552074&user=2129825963&config=3,840,0,0
1727431673171,841,conf3,200,OK,conf3 3-11,text,true,,231,157,11,33,http://localhost:8083/?token=492552074&user=2129825963&config=3,841,0,0
1727431673168,842,conf3,200,OK,conf3 3-4,text,true,,231,157,11,33,http://localhost:8083/?token=492552074&user=2129825963&config=3,842,0,0
1727431673168,886,conf3,200,OK,conf3 3-7,text,true,,231,157,11,33,http://localhost:8083/?token=492552074&user=2129825963&config=3,886,0,0
1727431673168,885,conf3,200,OK,conf3 3-2,text,true,,231,157,11,33,http://localhost:8083/?token=492552074&user=2129825963&config=3,885,0,0
1727431673171,883,conf3,200,OK,conf3 3-10,text,true,,231,157,11,33,http://localhost:8083/?token=492552074&user=2129825963&config=3,883,0,0
1727431673167,887,conf3,200,OK,conf3 3-9,text,true,,231,157,11,33,http://localhost:8083/?token=492552074&user=2129825963&config=3,887,0,0
1727431673169,884,conf3,200,OK,conf3 3-1,text,true,,231,157,11,33,http://localhost:8083/?token=492552074&user=2129825963&config=3,884,0,0
1727431672790,1423,conf1,200,OK,conf1 1-8,text,false,"The operation lasted too long: It took 1,423 milliseconds, but should not have lasted longer than 930 milliseconds.",231,157,11,33,http://localhost:8083/?token=492552074&user=2129825963&config=1,1423,0,0
1727431672791,1468,conf1,200,OK,conf1 1-4,text,false,"The operation lasted too long: It took 1,468 milliseconds, but should not have lasted longer than 930 milliseconds.",231,157,11,33,http://localhost:8083/?token=492552074&user=2129825963&config=1,1468,0,0
1727431672791,1469,conf1,200,OK,conf1 1-10,text,false,"The operation lasted too long: It took 1,469 milliseconds, but should not have lasted longer than 930 milliseconds.",231,157,11,33,http://localhost:8083/?token=492552074&user=2129825963&config=1,1469,0,0
1727431672811,1449,conf1,200,OK,conf1 1-9,text,false,"The operation lasted too long: It took 1,449 milliseconds, but should not have lasted longer than 930 milliseconds.",231,157,11,33,http://localhost:8083/?token=492552074&user=2129825963&config=1,1449,0,0
1727431672793,1467,conf1,200,OK,conf1 1-3,text,false,"The operation lasted too long: It took 1,467 milliseconds, but should not have lasted longer than 930 milliseconds.",231,157,11,33,http://localhost:8083/?token=492552074&user=2129825963&config=1,1467,0,0
1727431672847,1449,conf1,200,OK,conf1 1-1,text,false,"The operation lasted too long: It took 1,449 milliseconds, but should not have lasted longer than 930 milliseconds.",231,157,11,33,http://localhost:8083/?token=492552074&user=2129825963&config=1,1449,0,0
1727431672883,1452,conf1,200,OK,conf1 1-11,text,false,"The operation lasted too long: It took 1,452 milliseconds, but should not have lasted longer than 930 milliseconds.",231,157,11,33,http://localhost:8083/?token=492552074&user=2129825963&config=1,1452,0,0
1727431672881,1454,conf1,200,OK,conf1 1-6,text,false,"The operation lasted too long: It took 1,454 milliseconds, but should not have lasted longer than 930 milliseconds.",231,157,11,33,http://localhost:8083/?token=492552074&user=2129825963&config=1,1454,0,0
1727431672883,1452,conf1,200,OK,conf1 1-5,text,false,"The operation lasted too long: It took 1,452 milliseconds, but should not have lasted longer than 930 milliseconds.",231,157,11,33,http://localhost:8083/?token=492552074&user=2129825963&config=1,1452,0,0
1727431673166,1209,conf2,200,OK,conf2 2-4,text,false,"The operation lasted too long: It took 1,209 milliseconds, but should not have lasted longer than 930 milliseconds.",231,157,11,33,http://localhost:8083/?token=492552074&user=2129825963&config=2,1209,0,0
1727431673163,1212,conf2,200,OK,conf2 2-7,text,false,"The operation lasted too long: It took 1,212 milliseconds, but should not have lasted longer than 930 milliseconds.",231,157,11,33,http://localhost:8083/?token=492552074&user=2129825963&config=2,1212,0,0
1727431673166,1239,conf2,200,OK,conf2 2-9,text,false,"The operation lasted too long: It took 1,239 milliseconds, but should not have lasted longer than 930 milliseconds.",231,157,11,33,http://localhost:8083/?token=492552074&user=2129825963&config=2,1239,0,0
1727431673163,1242,conf2,200,OK,conf2 2-11,text,false,"The operation lasted too long: It took 1,242 milliseconds, but should not have lasted longer than 930 milliseconds.",231,157,11,33,http://localhost:8083/?token=492552074&user=2129825963&config=2,1242,0,0
1727431673166,1239,conf2,200,OK,conf2 2-5,text,false,"The operation lasted too long: It took 1,239 milliseconds, but should not have lasted longer than 930 milliseconds.",231,157,11,33,http://localhost:8083/?token=492552074&user=2129825963&config=2,1239,0,0
1727431673161,1244,conf2,200,OK,conf2 2-1,text,false,"The operation lasted too long: It took 1,244 milliseconds, but should not have lasted longer than 930 milliseconds.",231,157,11,33,http://localhost:8083/?token=492552074&user=2129825963&config=2,1244,0,0
1727431673167,1238,conf2,200,OK,conf2 2-8,text,false,"The operation lasted too long: It took 1,238 milliseconds, but should not have lasted longer than 930 milliseconds.",231,157,11,33,http://localhost:8083/?token=492552074&user=2129825963&config=2,1238,0,0
1727431673165,1278,conf2,200,OK,conf2 2-6,text,false,"The operation lasted too long: It took 1,278 milliseconds, but should not have lasted longer than 930 milliseconds.",231,157,11,33,http://localhost:8083/?token=492552074&user=2129825963&config=2,1278,0,0
1727431673166,1278,conf2,200,OK,conf2 2-2,text,false,"The operation lasted too long: It took 1,278 milliseconds, but should not have lasted longer than 930 milliseconds.",231,157,11,33,http://localhost:8083/?token=492552074&user=2129825963&config=2,1278,0,0
1727431673166,1277,conf2,200,OK,conf2 2-3,text,false,"The operation lasted too long: It took 1,277 milliseconds, but should not have lasted longer than 930 milliseconds.",231,157,11,33,http://localhost:8083/?token=492552074&user=2129825963&config=2,1277,0,0
1727431672884,1926,conf1,200,OK,conf1 1-7,text,false,"The operation lasted too long: It took 1,926 milliseconds, but should not have lasted longer than 930 milliseconds.",231,157,11,33,http://localhost:8083/?token=492552074&user=2129825963&config=1,1926,0,0
1727431672884,1996,conf1,200,OK,conf1 1-2,text,false,"The operation lasted too long: It took 1,996 milliseconds, but should not have lasted longer than 930 milliseconds.",231,157,11,33,http://localhost:8083/?token=492552074&user=2129825963&config=1,1996,0,0
1727431673166,1876,conf2,200,OK,conf2 2-10,text,false,"The operation lasted too long: It took 1,876 milliseconds, but should not have lasted longer than 930 milliseconds.",231,157,11,33,http://localhost:8083/?token=492552074&user=2129825963&config=2,1876,0,0
1727431674672,726,conf3,200,OK,conf3 3-4,text,true,,231,157,11,33,http://localhost:8083/?token=492552074&user=2129825963&config=3,726,0,0
1727431674672,747,conf3,200,OK,conf3 3-2,text,true,,231,157,11,33,http://localhost:8083/?token=492552074&user=2129825963&config=3,747,0,0
1727431674671,748,conf3,200,OK,conf3 3-3,text,true,,231,157,11,33,http://localhost:8083/?token=492552074&user=2129825963&config=3,748,0,0
1727431674672,747,conf3,200,OK,conf3 3-5,text,true,,231,157,11,33,http://localhost:8083/?token=492552074&user=2129825963&config=3,747,0,0
1727431674671,748,conf3,200,OK,conf3 3-6,text,true,,231,157,11,33,http://localhost:8083/?token=492552074&user=2129825963&config=3,748,0,0
1727431674672,747,conf3,200,OK,conf3 3-9,text,true,,231,157,11,33,http://localhost:8083/?token=492552074&user=2129825963&config=3,747,0,0
1727431674672,891,conf3,200,OK,conf3 3-1,text,true,,231,157,11,33,http://localhost:8083/?token=492552074&user=2129825963&config=3,891,0,0
1727431674671,893,conf3,200,OK,conf3 3-7,text,true,,231,157,11,33,http://localhost:8083/?token=492552074&user=2129825963&config=3,893,0,0
1727431674672,892,conf3,200,OK,conf3 3-8,text,true,,231,157,11,33,http://localhost:8083/?token=492552074&user=2129825963&config=3,892,0,0
1727431674672,892,conf3,200,OK,conf3 3-11,text,true,,231,157,11,33,http://localhost:8083/?token=492552074&user=2129825963&config=3,892,0,0
1727431674672,893,conf3,200,OK,conf3 3-10,text,true,,231,157,11,33,http://localhost:8083/?token=492552074&user=2129825963&config=3,893,0,0
1727431674667,1061,conf2,200,OK,conf2 2-4,text,false,"The operation lasted too long: It took 1,061 milliseconds, but should not have lasted longer than 930 milliseconds.",231,157,11,33,http://localhost:8083/?token=492552074&user=2129825963&config=2,1061,0,0
1727431674670,1068,conf2,200,OK,conf2 2-11,text,false,"The operation lasted too long: It took 1,068 milliseconds, but should not have lasted longer than 930 milliseconds.",231,157,11,33,http://localhost:8083/?token=492552074&user=2129825963&config=2,1068,0,0
1727431674294,1444,conf1,200,OK,conf1 1-4,text,false,"The operation lasted too long: It took 1,444 milliseconds, but should not have lasted longer than 930 milliseconds.",231,157,11,33,http://localhost:8083/?token=492552074&user=2129825963&config=1,1444,0,0
1727431674670,1069,conf2,200,OK,conf2 2-6,text,false,"The operation lasted too long: It took 1,069 milliseconds, but should not have lasted longer than 930 milliseconds.",231,157,11,33,http://localhost:8083/?token=492552074&user=2129825963&config=2,1069,0,0
1727431674294,1445,conf1,200,OK,conf1 1-10,text,false,"The operation lasted too long: It took 1,445 milliseconds, but should not have lasted longer than 930 milliseconds.",231,157,11,33,http://localhost:8083/?token=492552074&user=2129825963&config=1,1445,0,0
1727431674294,1445,conf1,200,OK,conf1 1-3,text,false,"The operation lasted too long: It took 1,445 milliseconds, but should not have lasted longer than 930 milliseconds.",231,157,11,33,http://localhost:8083/?token=492552074&user=2129825963&config=1,1445,0,0
1727431674671,1089,conf2,200,OK,conf2 2-3,text,false,"The operation lasted too long: It took 1,089 milliseconds, but should not have lasted longer than 930 milliseconds.",231,157,11,33,http://localhost:8083/?token=492552074&user=2129825963&config=2,1089,0,0
1727431674671,1089,conf2,200,OK,conf2 2-5,text,false,"The operation lasted too long: It took 1,089 milliseconds, but should not have lasted longer than 930 milliseconds.",231,157,11,33,http://localhost:8083/?token=492552074&user=2129825963&config=2,1089,0,0
1727431674671,1090,conf2,200,OK,conf2 2-1,text,false,"The operation lasted too long: It took 1,090 milliseconds, but should not have lasted longer than 930 milliseconds.",231,157,11,33,http://localhost:8083/?token=492552074&user=2129825963&config=2,1090,0,0
1727431674671,1090,conf2,200,OK,conf2 2-2,text,false,"The operation lasted too long: It took 1,090 milliseconds, but should not have lasted longer than 930 milliseconds.",231,157,11,33,http://localhost:8083/?token=492552074&user=2129825963&config=2,1090,0,0
1727431674296,1464,conf1,200,OK,conf1 1-8,text,false,"The operation lasted too long: It took 1,464 milliseconds, but should not have lasted longer than 930 milliseconds.",231,157,11,33,http://localhost:8083/?token=492552074&user=2129825963&config=1,1464,0,0
1727431674316,1481,conf1,200,OK,conf1 1-9,text,false,"The operation lasted too long: It took 1,481 milliseconds, but should not have lasted longer than 930 milliseconds.",231,157,11,33,http://localhost:8083/?token=492552074&user=2129825963&config=1,1481,0,0
1727431674352,1445,conf1,200,OK,conf1 1-1,text,false,"The operation lasted too long: It took 1,445 milliseconds, but should not have lasted longer than 930 milliseconds.",231,157,11,33,http://localhost:8083/?token=492552074&user=2129825963&config=1,1445,0,0
1727431674672,1125,conf2,200,OK,conf2 2-8,text,false,"The operation lasted too long: It took 1,125 milliseconds, but should not have lasted longer than 930 milliseconds.",231,157,11,33,http://localhost:8083/?token=492552074&user=2129825963&config=2,1125,0,0
1727431674384,1454,conf1,200,OK,conf1 1-6,text,false,"The operation lasted too long: It took 1,454 milliseconds, but should not have lasted longer than 930 milliseconds.",231,157,11,33,http://localhost:8083/?token=492552074&user=2129825963&config=1,1454,0,0
1727431674671,1167,conf2,200,OK,conf2 2-7,text,false,"The operation lasted too long: It took 1,167 milliseconds, but should not have lasted longer than 930 milliseconds.",231,157,11,33,http://localhost:8083/?token=492552074&user=2129825963&config=2,1167,0,0
1727431674671,1167,conf2,200,OK,conf2 2-9,text,false,"The operation lasted too long: It took 1,167 milliseconds, but should not have lasted longer than 930 milliseconds.",231,157,11,33,http://localhost:8083/?token=492552074&user=2129825963&config=2,1167,0,0
1727431674384,1454,conf1,200,OK,conf1 1-5,text,false,"The operation lasted too long: It took 1,454 milliseconds, but should not have lasted longer than 930 milliseconds.",231,157,11,33,http://localhost:8083/?token=492552074&user=2129825963&config=1,1454,0,0
1727431674384,1454,conf1,200,OK,conf1 1-11,text,false,"The operation lasted too long: It took 1,454 milliseconds, but should not have lasted longer than 930 milliseconds.",231,157,11,33,http://localhost:8083/?token=492552074&user=2129825963&config=1,1454,0,0
1727431674812,1547,conf1,200,OK,conf1 1-7,text,false,"The operation lasted too long: It took 1,547 milliseconds, but should not have lasted longer than 930 milliseconds.",231,157,11,33,http://localhost:8083/?token=492552074&user=2129825963&config=1,1547,0,0
1727431675044,1412,conf2,200,OK,conf2 2-10,text,false,"The operation lasted too long: It took 1,412 milliseconds, but should not have lasted longer than 930 milliseconds.",231,157,11,33,http://localhost:8083/?token=492552074&user=2129825963&config=2,1412,0,0
1727431674881,1640,conf1,200,OK,conf1 1-2,text,false,"The operation lasted too long: It took 1,640 milliseconds, but should not have lasted longer than 930 milliseconds.",231,157,11,33,http://localhost:8083/?token=492552074&user=2129825963&config=1,1640,0,0
1727431676170,688,conf3,200,OK,conf3 3-5,text,true,,231,157,11,33,http://localhost:8083/?token=492552074&user=2129825963&config=3,688,0,0
1727431676170,712,conf3,200,OK,conf3 3-1,text,true,,231,157,11,33,http://localhost:8083/?token=492552074&user=2129825963&config=3,712,0,0
1727431676170,713,conf3,200,OK,conf3 3-2,text,true,,231,157,11,33,http://localhost:8083/?token=492552074&user=2129825963&config=3,713,0,0
1727431676170,713,conf3,200,OK,conf3 3-4,text,true,,231,157,11,33,http://localhost:8083/?token=492552074&user=2129825963&config=3,713,0,0
1727431676170,713,conf3,200,OK,conf3 3-9,text,true,,231,157,11,33,http://localhost:8083/?token=492552074&user=2129825963&config=3,713,0,0
1727431676170,713,conf3,200,OK,conf3 3-7,text,true,,231,157,11,33,http://localhost:8083/?token=492552074&user=2129825963&config=3,713,0,0
1727431676170,749,conf3,200,OK,conf3 3-8,text,true,,231,157,11,33,http://localhost:8083/?token=492552074&user=2129825963&config=3,749,0,0
1727431676170,749,conf3,200,OK,conf3 3-3,text,true,,231,157,11,33,http://localhost:8083/?token=492552074&user=2129825963&config=3,749,0,0
1727431676170,749,conf3,200,OK,conf3 3-10,text,true,,231,157,11,33,http://localhost:8083/?token=492552074&user=2129825963&config=3,749,0,0
1727431676170,749,conf3,200,OK,conf3 3-11,text,true,,231,157,11,33,http://localhost:8083/?token=492552074&user=2129825963&config=3,749,0,0
1727431676171,856,conf3,200,OK,conf3 3-6,text,true,,231,157,11,33,http://localhost:8083/?token=492552074&user=2129825963&config=3,856,0,0
1727431676168,1055,conf2,200,OK,conf2 2-5,text,false,"The operation lasted too long: It took 1,055 milliseconds, but should not have lasted longer than 930 milliseconds.",231,157,11,33,http://localhost:8083/?token=492552074&user=2129825963&config=2,1055,0,0
1727431676169,1065,conf2,200,OK,conf2 2-4,text,false,"The operation lasted too long: It took 1,065 milliseconds, but should not have lasted longer than 930 milliseconds.",231,157,11,33,http://localhost:8083/?token=492552074&user=2129825963&config=2,1065,0,0
1727431675795,1440,conf1,200,OK,conf1 1-10,text,false,"The operation lasted too long: It took 1,440 milliseconds, but should not have lasted longer than 930 milliseconds.",231,157,11,33,http://localhost:8083/?token=492552074&user=2129825963&config=1,1440,0,0
1727431676165,1070,conf2,200,OK,conf2 2-1,text,false,"The operation lasted too long: It took 1,070 milliseconds, but should not have lasted longer than 930 milliseconds.",231,157,11,33,http://localhost:8083/?token=492552074&user=2129825963&config=2,1070,0,0
1727431675795,1440,conf1,200,OK,conf1 1-3,text,false,"The operation lasted too long: It took 1,440 milliseconds, but should not have lasted longer than 930 milliseconds.",231,157,11,33,http://localhost:8083/?token=492552074&user=2129825963&config=1,1440,0,0
1727431675795,1439,conf1,200,OK,conf1 1-8,text,false,"The operation lasted too long: It took 1,439 milliseconds, but should not have lasted longer than 930 milliseconds.",231,157,11,33,http://localhost:8083/?token=492552074&user=2129825963&config=1,1439,0,0
1727431676169,1078,conf2,200,OK,conf2 2-3,text,false,"The operation lasted too long: It took 1,078 milliseconds, but should not have lasted longer than 930 milliseconds.",231,157,11,33,http://localhost:8083/?token=492552074&user=2129825963&config=2,1078,0,0
1727431675796,1452,conf1,200,OK,conf1 1-4,text,false,"The operation lasted too long: It took 1,452 milliseconds, but should not have lasted longer than 930 milliseconds.",231,157,11,33,http://localhost:8083/?token=492552074&user=2129825963&config=1,1452,0,0
1727431676169,1079,conf2,200,OK,conf2 2-6,text,false,"The operation lasted too long: It took 1,079 milliseconds, but should not have lasted longer than 930 milliseconds.",231,157,11,33,http://localhost:8083/?token=492552074&user=2129825963&config=2,1079,0,0
1727431676169,1078,conf2,200,OK,conf2 2-11,text,false,"The operation lasted too long: It took 1,078 milliseconds, but should not have lasted longer than 930 milliseconds.",231,157,11,33,http://localhost:8083/?token=492552074&user=2129825963&config=2,1078,0,0
1727431676169,1079,conf2,200,OK,conf2 2-2,text,false,"The operation lasted too long: It took 1,079 milliseconds, but should not have lasted longer than 930 milliseconds.",231,157,11,33,http://localhost:8083/?token=492552074&user=2129825963&config=2,1079,0,0
1727431676169,1116,conf2,200,OK,conf2 2-8,text,false,"The operation lasted too long: It took 1,116 milliseconds, but should not have lasted longer than 930 milliseconds.",231,157,11,33,http://localhost:8083/?token=492552074&user=2129825963&config=2,1116,0,0
1727431676170,1115,conf2,200,OK,conf2 2-9,text,false,"The operation lasted too long: It took 1,115 milliseconds, but should not have lasted longer than 930 milliseconds.",231,157,11,33,http://localhost:8083/?token=492552074&user=2129825963&config=2,1115,0,0
1727431676170,1117,conf2,200,OK,conf2 2-7,text,false,"The operation lasted too long: It took 1,117 milliseconds, but should not have lasted longer than 930 milliseconds.",231,157,11,33,http://localhost:8083/?token=492552074&user=2129825963&config=2,1117,0,0
1727431675813,1476,conf1,200,OK,conf1 1-9,text,false,"The operation lasted too long: It took 1,476 milliseconds, but should not have lasted longer than 930 milliseconds.",231,157,11,33,http://localhost:8083/?token=492552074&user=2129825963&config=1,1476,0,0
1727431675850,1474,conf1,200,OK,conf1 1-1,text,false,"The operation lasted too long: It took 1,474 milliseconds, but should not have lasted longer than 930 milliseconds.",231,157,11,33,http://localhost:8083/?token=492552074&user=2129825963&config=1,1474,0,0
1727431675881,1443,conf1,200,OK,conf1 1-6,text,false,"The operation lasted too long: It took 1,443 milliseconds, but should not have lasted longer than 930 milliseconds.",231,157,11,33,http://localhost:8083/?token=492552074&user=2129825963&config=1,1443,0,0
1727431675884,1468,conf1,200,OK,conf1 1-11,text,false,"The operation lasted too long: It took 1,468 milliseconds, but should not have lasted longer than 930 milliseconds.",231,157,11,33,http://localhost:8083/?token=492552074&user=2129825963&config=1,1468,0,0
1727431675882,1470,conf1,200,OK,conf1 1-5,text,false,"The operation lasted too long: It took 1,470 milliseconds, but should not have lasted longer than 930 milliseconds.",231,157,11,33,http://localhost:8083/?token=492552074&user=2129825963&config=1,1470,0,0
1727431676548,1375,conf2,200,OK,conf2 2-10,text,false,"The operation lasted too long: It took 1,375 milliseconds, but should not have lasted longer than 930 milliseconds.",231,157,11,33,http://localhost:8083/?token=492552074&user=2129825963&config=2,1375,0,0
1727431676359,1594,conf1,200,OK,conf1 1-7,text,false,"The operation lasted too long: It took 1,594 milliseconds, but should not have lasted longer than 930 milliseconds.",231,157,11,33,http://localhost:8083/?token=492552074&user=2129825963&config=1,1594,0,0
1727431676528,1518,conf1,200,OK,conf1 1-2,text,false,"The operation lasted too long: It took 1,518 milliseconds, but should not have lasted longer than 930 milliseconds.",231,157,11,33,http://localhost:8083/?token=492552074&user=2129825963&config=1,1518,0,0
1727431677666,685,conf3,200,OK,conf3 3-1,text,true,,231,157,11,33,http://localhost:8083/?token=492552074&user=2129825963&config=3,685,0,0
1727431677668,705,conf3,200,OK,conf3 3-2,text,true,,231,157,11,33,http://localhost:8083/?token=492552074&user=2129825963&config=3,705,0,0
1727431677668,705,conf3,200,OK,conf3 3-3,text,true,,231,157,11,33,http://localhost:8083/?token=492552074&user=2129825963&config=3,705,0,0
1727431677668,705,conf3,200,OK,conf3 3-4,text,true,,231,157,11,33,http://localhost:8083/?token=492552074&user=2129825963&config=3,705,0,0
1727431677668,705,conf3,200,OK,conf3 3-11,text,true,,231,157,11,33,http://localhost:8083/?token=492552074&user=2129825963&config=3,705,0,0
1727431677668,705,conf3,200,OK,conf3 3-5,text,true,,231,157,11,33,http://localhost:8083/?token=492552074&user=2129825963&config=3,705,0,0
1727431677672,838,conf3,200,OK,conf3 3-7,text,true,,231,157,11,33,http://localhost:8083/?token=492552074&user=2129825963&config=3,838,0,0
1727431677672,838,conf3,200,OK,conf3 3-6,text,true,,231,157,11,33,http://localhost:8083/?token=492552074&user=2129825963&config=3,838,0,0
1727431677672,839,conf3,200,OK,conf3 3-8,text,true,,231,157,11,33,http://localhost:8083/?token=492552074&user=2129825963&config=3,839,0,0
1727431677673,838,conf3,200,OK,conf3 3-9,text,true,,231,157,11,33,http://localhost:8083/?token=492552074&user=2129825963&config=3,838,0,0
1727431677673,922,conf3,200,OK,conf3 3-10,text,true,,231,157,11,33,http://localhost:8083/?token=492552074&user=2129825963&config=3,922,0,0
1727431677666,1055,conf2,200,OK,conf2 2-4,text,false,"The operation lasted too long: It took 1,055 milliseconds, but should not have lasted longer than 930 milliseconds.",231,157,11,33,http://localhost:8083/?token=492552074&user=2129825963&config=2,1055,0,0
1727431677666,1066,conf2,200,OK,conf2 2-3,text,false,"The operation lasted too long: It took 1,066 milliseconds, but should not have lasted longer than 930 milliseconds.",231,157,11,33,http://localhost:8083/?token=492552074&user=2129825963&config=2,1066,0,0
1727431677293,1441,conf1,200,OK,conf1 1-10,text,false,"The operation lasted too long: It took 1,441 milliseconds, but should not have lasted longer than 930 milliseconds.",231,157,11,33,http://localhost:8083/?token=492552074&user=2129825963&config=1,1441,0,0
1727431677666,1070,conf2,200,OK,conf2 2-1,text,false,"The operation lasted too long: It took 1,070 milliseconds, but should not have lasted longer than 930 milliseconds.",231,157,11,33,http://localhost:8083/?token=492552074&user=2129825963&config=2,1070,0,0
1727431677293,1444,conf1,200,OK,conf1 1-3,text,false,"The operation lasted too long: It took 1,444 milliseconds, but should not have lasted longer than 930 milliseconds.",231,157,11,33,http://localhost:8083/?token=492552074&user=2129825963&config=1,1444,0,0
1727431677293,1444,conf1,200,OK,conf1 1-8,text,false,"The operation lasted too long: It took 1,444 milliseconds, but should not have lasted longer than 930 milliseconds.",231,157,11,33,http://localhost:8083/?token=492552074&user=2129825963&config=1,1444,0,0
1727431677293,1456,conf1,200,OK,conf1 1-4,text,false,"The operation lasted too long: It took 1,456 milliseconds, but should not have lasted longer than 930 milliseconds.",231,157,11,33,http://localhost:8083/?token=492552074&user=2129825963&config=1,1455,0,0
1727431677667,1082,conf2,200,OK,conf2 2-6,text,false,"The operation lasted too long: It took 1,082 milliseconds, but should not have lasted longer than 930 milliseconds.",231,157,11,33,http://localhost:8083/?token=492552074&user=2129825963&config=2,1082,0,0
1727431677667,1083,conf2,200,OK,conf2 2-5,text,false,"The operation lasted too long: It took 1,083 milliseconds, but should not have lasted longer than 930 milliseconds.",231,157,11,33,http://localhost:8083/?token=492552074&user=2129825963&config=2,1083,0,0
1727431677667,1085,conf2,200,OK,conf2 2-2,text,false,"The operation lasted too long: It took 1,085 milliseconds, but should not have lasted longer than 930 milliseconds.",231,157,11,33,http://localhost:8083/?token=492552074&user=2129825963&config=2,1085,0,0
1727431677667,1085,conf2,200,OK,conf2 2-7,text,false,"The operation lasted too long: It took 1,085 milliseconds, but should not have lasted longer than 930 milliseconds.",231,157,11,33,http://localhost:8083/?token=492552074&user=2129825963&config=2,1085,0,0
1727431677668,1117,conf2,200,OK,conf2 2-11,text,false,"The operation lasted too long: It took 1,117 milliseconds, but should not have lasted longer than 930 milliseconds.",231,157,11,33,http://localhost:8083/?token=492552074&user=2129825963&config=2,1117,0,0
1727431677668,1119,conf2,200,OK,conf2 2-9,text,false,"The operation lasted too long: It took 1,119 milliseconds, but should not have lasted longer than 930 milliseconds.",231,157,11,33,http://localhost:8083/?token=492552074&user=2129825963&config=2,1119,0,0
1727431677668,1120,conf2,200,OK,conf2 2-8,text,false,"The operation lasted too long: It took 1,120 milliseconds, but should not have lasted longer than 930 milliseconds.",231,157,11,33,http://localhost:8083/?token=492552074&user=2129825963&config=2,1120,0,0
1727431677314,1474,conf1,200,OK,conf1 1-9,text,false,"The operation lasted too long: It took 1,474 milliseconds, but should not have lasted longer than 930 milliseconds.",231,157,11,33,http://localhost:8083/?token=492552074&user=2129825963&config=1,1474,0,0
1727431677351,1470,conf1,200,OK,conf1 1-1,text,false,"The operation lasted too long: It took 1,470 milliseconds, but should not have lasted longer than 930 milliseconds.",231,157,11,33,http://localhost:8083/?token=492552074&user=2129825963&config=1,1470,0,0
1727431677382,1448,conf1,200,OK,conf1 1-6,text,false,"The operation lasted too long: It took 1,448 milliseconds, but should not have lasted longer than 930 milliseconds.",231,157,11,33,http://localhost:8083/?token=492552074&user=2129825963&config=1,1448,0,0
1727431677382,1448,conf1,200,OK,conf1 1-11,text,false,"The operation lasted too long: It took 1,448 milliseconds, but should not have lasted longer than 930 milliseconds.",231,157,11,33,http://localhost:8083/?token=492552074&user=2129825963&config=1,1448,0,0
1727431677384,1482,conf1,200,OK,conf1 1-5,text,false,"The operation lasted too long: It took 1,482 milliseconds, but should not have lasted longer than 930 milliseconds.",231,157,11,33,http://localhost:8083/?token=492552074&user=2129825963&config=1,1482,0,0
1727431678048,1114,conf2,200,OK,conf2 2-10,text,false,"The operation lasted too long: It took 1,114 milliseconds, but should not have lasted longer than 930 milliseconds.",231,157,11,33,http://localhost:8083/?token=492552074&user=2129825963&config=2,1114,0,0
1727431677954,1514,conf1,200,OK,conf1 1-7,text,false,"The operation lasted too long: It took 1,514 milliseconds, but should not have lasted longer than 930 milliseconds.",231,157,11,33,http://localhost:8083/?token=492552074&user=2129825963&config=1,1514,0,0
1727431678047,1762,conf1,200,OK,conf1 1-2,text,false,"The operation lasted too long: It took 1,762 milliseconds, but should not have lasted longer than 930 milliseconds.",231,157,11,33,http://localhost:8083/?token=492552074&user=2129825963&config=1,1762,0,0
1727431679165,679,conf3,200,OK,conf3 3-1,text,true,,231,157,11,33,http://localhost:8083/?token=492552074&user=2129825963&config=3,679,0,0
1727431679171,697,conf3,200,OK,conf3 3-2,text,true,,231,157,11,33,http://localhost:8083/?token=492552074&user=2129825963&config=3,697,0,0
1727431679171,697,conf3,200,OK,conf3 3-8,text,true,,231,157,11,33,http://localhost:8083/?token=492552074&user=2129825963&config=3,697,0,0
1727431679171,697,conf3,200,OK,conf3 3-4,text,true,,231,157,11,33,http://localhost:8083/?token=492552074&user=2129825963&config=3,697,0,0
1727431679171,697,conf3,200,OK,conf3 3-3,text,true,,231,157,11,33,http://localhost:8083/?token=492552074&user=2129825963&config=3,697,0,0
1727431679171,697,conf3,200,OK,conf3 3-11,text,true,,231,157,11,33,http://localhost:8083/?token=492552074&user=2129825963&config=3,697,0,0
1727431679171,734,conf3,200,OK,conf3 3-7,text,true,,231,157,11,33,http://localhost:8083/?token=492552074&user=2129825963&config=3,734,0,0
1727431679172,733,conf3,200,OK,conf3 3-9,text,true,,231,157,11,33,http://localhost:8083/?token=492552074&user=2129825963&config=3,733,0,0
1727431679171,734,conf3,200,OK,conf3 3-6,text,true,,231,157,11,33,http://localhost:8083/?token=492552074&user=2129825963&config=3,734,0,0
1727431679172,733,conf3,200,OK,conf3 3-5,text,true,,231,157,11,33,http://localhost:8083/?token=492552074&user=2129825963&config=3,733,0,0
1727431679172,734,conf3,200,OK,conf3 3-10,text,true,,231,157,11,33,http://localhost:8083/?token=492552074&user=2129825963&config=3,734,0,0
1727431679167,1049,conf2,200,OK,conf2 2-1,text,false,"The operation lasted too long: It took 1,049 milliseconds, but should not have lasted longer than 930 milliseconds.",231,157,11,33,http://localhost:8083/?token=492552074&user=2129825963&config=2,1049,0,0
1727431678794,1434,conf1,200,OK,conf1 1-8,text,false,"The operation lasted too long: It took 1,434 milliseconds, but should not have lasted longer than 930 milliseconds.",231,157,11,33,http://localhost:8083/?token=492552074&user=2129825963&config=1,1434,0,0
1727431679168,1060,conf2,200,OK,conf2 2-2,text,false,"The operation lasted too long: It took 1,060 milliseconds, but should not have lasted longer than 930 milliseconds.",231,157,11,33,http://localhost:8083/?token=492552074&user=2129825963&config=2,1060,0,0
1727431678794,1435,conf1,200,OK,conf1 1-3,text,false,"The operation lasted too long: It took 1,435 milliseconds, but should not have lasted longer than 930 milliseconds.",231,157,11,33,http://localhost:8083/?token=492552074&user=2129825963&config=1,1435,0,0
1727431678794,1435,conf1,200,OK,conf1 1-10,text,false,"The operation lasted too long: It took 1,435 milliseconds, but should not have lasted longer than 930 milliseconds.",231,157,11,33,http://localhost:8083/?token=492552074&user=2129825963&config=1,1435,0,0
1727431678795,1433,conf1,200,OK,conf1 1-4,text,false,"The operation lasted too long: It took 1,433 milliseconds, but should not have lasted longer than 930 milliseconds.",231,157,11,33,http://localhost:8083/?token=492552074&user=2129825963&config=1,1433,0,0
1727431679170,1073,conf2,200,OK,conf2 2-6,text,false,"The operation lasted too long: It took 1,073 milliseconds, but should not have lasted longer than 930 milliseconds.",231,157,11,33,http://localhost:8083/?token=492552074&user=2129825963&config=2,1073,0,0
1727431679170,1073,conf2,200,OK,conf2 2-3,text,false,"The operation lasted too long: It took 1,073 milliseconds, but should not have lasted longer than 930 milliseconds.",231,157,11,33,http://localhost:8083/?token=492552074&user=2129825963&config=2,1073,0,0
1727431679168,1076,conf2,200,OK,conf2 2-5,text,false,"The operation lasted too long: It took 1,076 milliseconds, but should not have lasted longer than 930 milliseconds.",231,157,11,33,http://localhost:8083/?token=492552074&user=2129825963&config=2,1076,0,0
1727431679170,1076,conf2,200,OK,conf2 2-8,text,false,"The operation lasted too long: It took 1,076 milliseconds, but should not have lasted longer than 930 milliseconds.",231,157,11,33,http://localhost:8083/?token=492552074&user=2129825963&config=2,1076,0,0
1727431679170,1077,conf2,200,OK,conf2 2-4,text,false,"The operation lasted too long: It took 1,077 milliseconds, but should not have lasted longer than 930 milliseconds.",231,157,11,33,http://localhost:8083/?token=492552074&user=2129825963&config=2,1077,0,0
1727431679170,1110,conf2,200,OK,conf2 2-9,text,false,"The operation lasted too long: It took 1,110 milliseconds, but should not have lasted longer than 930 milliseconds.",231,157,11,33,http://localhost:8083/?token=492552074&user=2129825963&config=2,1110,0,0
1727431678815,1465,conf1,200,OK,conf1 1-9,text,false,"The operation lasted too long: It took 1,465 milliseconds, but should not have lasted longer than 930 milliseconds.",231,157,11,33,http://localhost:8083/?token=492552074&user=2129825963&config=1,1465,0,0
1727431679170,1110,conf2,200,OK,conf2 2-11,text,false,"The operation lasted too long: It took 1,110 milliseconds, but should not have lasted longer than 930 milliseconds.",231,157,11,33,http://localhost:8083/?token=492552074&user=2129825963&config=2,1110,0,0
1727431679170,1110,conf2,200,OK,conf2 2-7,text,false,"The operation lasted too long: It took 1,110 milliseconds, but should not have lasted longer than 930 milliseconds.",231,157,11,33,http://localhost:8083/?token=492552074&user=2129825963&config=2,1110,0,0
1727431678847,1477,conf1,200,OK,conf1 1-1,text,false,"The operation lasted too long: It took 1,477 milliseconds, but should not have lasted longer than 930 milliseconds.",231,157,11,33,http://localhost:8083/?token=492552074&user=2129825963&config=1,1477,0,0
1727431678881,1443,conf1,200,OK,conf1 1-6,text,false,"The operation lasted too long: It took 1,443 milliseconds, but should not have lasted longer than 930 milliseconds.",231,157,11,33,http://localhost:8083/?token=492552074&user=2129825963&config=1,1443,0,0
1727431678884,1450,conf1,200,OK,conf1 1-11,text,false,"The operation lasted too long: It took 1,450 milliseconds, but should not have lasted longer than 930 milliseconds.",231,157,11,33,http://localhost:8083/?token=492552074&user=2129825963&config=1,1450,0,0
1727431678882,1452,conf1,200,OK,conf1 1-5,text,false,"The operation lasted too long: It took 1,452 milliseconds, but should not have lasted longer than 930 milliseconds.",231,157,11,33,http://localhost:8083/?token=492552074&user=2129825963&config=1,1452,0,0
1727431679546,1341,conf2,200,OK,conf2 2-10,text,false,"The operation lasted too long: It took 1,341 milliseconds, but should not have lasted longer than 930 milliseconds.",231,157,11,33,http://localhost:8083/?token=492552074&user=2129825963&config=2,1341,0,0
1727431679469,1514,conf1,200,OK,conf1 1-7,text,false,"The operation lasted too long: It took 1,514 milliseconds, but should not have lasted longer than 930 milliseconds.",231,157,11,33,http://localhost:8083/?token=492552074&user=2129825963&config=1,1514,0,0
1727431679825,1504,conf1,200,OK,conf1 1-2,text,false,"The operation lasted too long: It took 1,504 milliseconds, but should not have lasted longer than 930 milliseconds.",231,157,11,33,http://localhost:8083/?token=492552074&user=2129825963&config=1,1504,0,0
1727431680670,694,conf3,200,OK,conf3 3-2,text,true,,231,157,11,33,http://localhost:8083/?token=492552074&user=2129825963&config=3,694,0,0
1727431680670,694,conf3,200,OK,conf3 3-1,text,true,,231,157,11,33,http://localhost:8083/?token=492552074&user=2129825963&config=3,694,0,0
1727431680671,712,conf3,200,OK,conf3 3-3,text,true,,231,157,11,33,http://localhost:8083/?token=492552074&user=2129825963&config=3,712,0,0
1727431680671,712,conf3,200,OK,conf3 3-4,text,true,,231,157,11,33,http://localhost:8083/?token=492552074&user=2129825963&config=3,712,0,0
1727431680671,712,conf3,200,OK,conf3 3-5,text,true,,231,157,11,33,http://localhost:8083/?token=492552074&user=2129825963&config=3,712,0,0
1727431680671,712,conf3,200,OK,conf3 3-7,text,true,,231,157,11,33,http://localhost:8083/?token=492552074&user=2129825963&config=3,712,0,0
1727431680671,712,conf3,200,OK,conf3 3-10,text,true,,231,157,11,33,http://localhost:8083/?token=492552074&user=2129825963&config=3,712,0,0
1727431680671,747,conf3,200,OK,conf3 3-8,text,true,,231,157,11,33,http://localhost:8083/?token=492552074&user=2129825963&config=3,747,0,0
1727431680671,747,conf3,200,OK,conf3 3-6,text,true,,231,157,11,33,http://localhost:8083/?token=492552074&user=2129825963&config=3,747,0,0
1727431680673,745,conf3,200,OK,conf3 3-11,text,true,,231,157,11,33,http://localhost:8083/?token=492552074&user=2129825963&config=3,745,0,0
1727431680672,886,conf3,200,OK,conf3 3-9,text,true,,231,157,11,33,http://localhost:8083/?token=492552074&user=2129825963&config=3,886,0,0
1727431680295,1431,conf1,200,OK,conf1 1-3,text,false,"The operation lasted too long: It took 1,431 milliseconds, but should not have lasted longer than 930 milliseconds.",231,157,11,33,http://localhost:8083/?token=492552074&user=2129825963&config=1,1431,0,0
1727431680668,1064,conf2,200,OK,conf2 2-3,text,false,"The operation lasted too long: It took 1,064 milliseconds, but should not have lasted longer than 930 milliseconds.",231,157,11,33,http://localhost:8083/?token=492552074&user=2129825963&config=2,1064,0,0
1727431680668,1064,conf2,200,OK,conf2 2-5,text,false,"The operation lasted too long: It took 1,064 milliseconds, but should not have lasted longer than 930 milliseconds.",231,157,11,33,http://localhost:8083/?token=492552074&user=2129825963&config=2,1064,0,0
1727431680296,1436,conf1,200,OK,conf1 1-8,text,false,"The operation lasted too long: It took 1,436 milliseconds, but should not have lasted longer than 930 milliseconds.",231,157,11,33,http://localhost:8083/?token=492552074&user=2129825963&config=1,1436,0,0
1727431680296,1436,conf1,200,OK,conf1 1-10,text,false,"The operation lasted too long: It took 1,436 milliseconds, but should not have lasted longer than 930 milliseconds.",231,157,11,33,http://localhost:8083/?token=492552074&user=2129825963&config=1,1436,0,0
1727431680669,1063,conf2,200,OK,conf2 2-1,text,false,"The operation lasted too long: It took 1,063 milliseconds, but should not have lasted longer than 930 milliseconds.",231,157,11,33,http://localhost:8083/?token=492552074&user=2129825963&config=2,1063,0,0
1727431680296,1456,conf1,200,OK,conf1 1-4,text,false,"The operation lasted too long: It took 1,456 milliseconds, but should not have lasted longer than 930 milliseconds.",231,157,11,33,http://localhost:8083/?token=492552074&user=2129825963&config=1,1456,0,0
1727431680670,1082,conf2,200,OK,conf2 2-6,text,false,"The operation lasted too long: It took 1,082 milliseconds, but should not have lasted longer than 930 milliseconds.",231,157,11,33,http://localhost:8083/?token=492552074&user=2129825963&config=2,1082,0,0
1727431680670,1083,conf2,200,OK,conf2 2-2,text,false,"The operation lasted too long: It took 1,083 milliseconds, but should not have lasted longer than 930 milliseconds.",231,157,11,33,http://localhost:8083/?token=492552074&user=2129825963&config=2,1083,0,0
1727431680670,1083,conf2,200,OK,conf2 2-7,text,false,"The operation lasted too long: It took 1,083 milliseconds, but should not have lasted longer than 930 milliseconds.",231,157,11,33,http://localhost:8083/?token=492552074&user=2129825963&config=2,1083,0,0
1727431680670,1083,conf2,200,OK,conf2 2-4,text,false,"The operation lasted too long: It took 1,083 milliseconds, but should not have lasted longer than 930 milliseconds.",231,157,11,33,http://localhost:8083/?token=492552074&user=2129825963&config=2,1083,0,0
1727431680313,1478,conf1,200,OK,conf1 1-9,text,false,"The operation lasted too long: It took 1,478 milliseconds, but should not have lasted longer than 930 milliseconds.",231,157,11,33,http://localhost:8083/?token=492552074&user=2129825963&config=1,1478,0,0
1727431680670,1121,conf2,200,OK,conf2 2-8,text,false,"The operation lasted too long: It took 1,121 milliseconds, but should not have lasted longer than 930 milliseconds.",231,157,11,33,http://localhost:8083/?token=492552074&user=2129825963&config=2,1121,0,0
1727431680670,1121,conf2,200,OK,conf2 2-11,text,false,"The operation lasted too long: It took 1,121 milliseconds, but should not have lasted longer than 930 milliseconds.",231,157,11,33,http://localhost:8083/?token=492552074&user=2129825963&config=2,1121,0,0
1727431680670,1121,conf2,200,OK,conf2 2-9,text,false,"The operation lasted too long: It took 1,121 milliseconds, but should not have lasted longer than 930 milliseconds.",231,157,11,33,http://localhost:8083/?token=492552074&user=2129825963&config=2,1121,0,0
1727431680351,1476,conf1,200,OK,conf1 1-1,text,false,"The operation lasted too long: It took 1,476 milliseconds, but should not have lasted longer than 930 milliseconds.",231,157,11,33,http://localhost:8083/?token=492552074&user=2129825963&config=1,1476,0,0
1727431680381,1446,conf1,200,OK,conf1 1-11,text,false,"The operation lasted too long: It took 1,446 milliseconds, but should not have lasted longer than 930 milliseconds.",231,157,11,33,http://localhost:8083/?token=492552074&user=2129825963&config=1,1446,0,0
1727431680381,1452,conf1,200,OK,conf1 1-6,text,false,"The operation lasted too long: It took 1,452 milliseconds, but should not have lasted longer than 930 milliseconds.",231,157,11,33,http://localhost:8083/?token=492552074&user=2129825963&config=1,1452,0,0
1727431680383,1450,conf1,200,OK,conf1 1-5,text,false,"The operation lasted too long: It took 1,450 milliseconds, but should not have lasted longer than 930 milliseconds.",231,157,11,33,http://localhost:8083/?token=492552074&user=2129825963&config=1,1450,0,0
1727431680983,1592,conf1,200,OK,conf1 1-7,text,false,"The operation lasted too long: It took 1,592 milliseconds, but should not have lasted longer than 930 milliseconds.",231,157,11,33,http://localhost:8083/?token=492552074&user=2129825963&config=1,1592,0,0
1727431681048,1527,conf2,200,OK,conf2 2-10,text,false,"The operation lasted too long: It took 1,527 milliseconds, but should not have lasted longer than 930 milliseconds.",231,157,11,33,http://localhost:8083/?token=492552074&user=2129825963&config=2,1527,0,0
1727431681329,1502,conf1,200,OK,conf1 1-2,text,false,"The operation lasted too long: It took 1,502 milliseconds, but should not have lasted longer than 930 milliseconds.",231,157,11,33,http://localhost:8083/?token=492552074&user=2129825963&config=1,1502,0,0
1727431682168,702,conf3,200,OK,conf3 3-5,text,true,,231,157,11,33,http://localhost:8083/?token=492552074&user=2129825963&config=3,702,0,0
1727431682167,743,conf3,200,OK,conf3 3-4,text,true,,231,157,11,33,http://localhost:8083/?token=492552074&user=2129825963&config=3,743,0,0
1727431682168,742,conf3,200,OK,conf3 3-6,text,true,,231,157,11,33,http://localhost:8083/?token=492552074&user=2129825963&config=3,742,0,0
1727431682168,742,conf3,200,OK,conf3 3-8,text,true,,231,157,11,33,http://localhost:8083/?token=492552074&user=2129825963&config=3,742,0,0
1727431682168,742,conf3,200,OK,conf3 3-3,text,true,,231,157,11,33,http://localhost:8083/?token=492552074&user=2129825963&config=3,742,0,0
1727431682172,738,conf3,200,OK,conf3 3-11,text,true,,231,157,11,33,http://localhost:8083/?token=492552074&user=2129825963&config=3,738,0,0
1727431682168,784,conf3,200,OK,conf3 3-1,text,true,,231,157,11,33,http://localhost:8083/?token=492552074&user=2129825963&config=3,784,0,0
1727431682168,784,conf3,200,OK,conf3 3-7,text,true,,231,157,11,33,http://localhost:8083/?token=492552074&user=2129825963&config=3,784,0,0
1727431682168,784,conf3,200,OK,conf3 3-2,text,true,,231,157,11,33,http://localhost:8083/?token=492552074&user=2129825963&config=3,784,0,0
1727431682168,784,conf3,200,OK,conf3 3-9,text,true,,231,157,11,33,http://localhost:8083/?token=492552074&user=2129825963&config=3,784,0,0
1727431682172,780,conf3,200,OK,conf3 3-10,text,true,,231,157,11,33,http://localhost:8083/?token=492552074&user=2129825963&config=3,780,0,0
1727431681796,1430,conf1,200,OK,conf1 1-3,text,false,"The operation lasted too long: It took 1,430 milliseconds, but should not have lasted longer than 930 milliseconds.",231,157,11,33,http://localhost:8083/?token=492552074&user=2129825963&config=1,1430,0,0
1727431681795,1463,conf1,200,OK,conf1 1-4,text,false,"The operation lasted too long: It took 1,463 milliseconds, but should not have lasted longer than 930 milliseconds.",231,157,11,33,http://localhost:8083/?token=492552074&user=2129825963&config=1,1463,0,0
1727431681795,1464,conf1,200,OK,conf1 1-8,text,false,"The operation lasted too long: It took 1,464 milliseconds, but should not have lasted longer than 930 milliseconds.",231,157,11,33,http://localhost:8083/?token=492552074&user=2129825963&config=1,1464,0,0
1727431681795,1464,conf1,200,OK,conf1 1-10,text,false,"The operation lasted too long: It took 1,464 milliseconds, but should not have lasted longer than 930 milliseconds.",231,157,11,33,http://localhost:8083/?token=492552074&user=2129825963&config=1,1464,0,0
1727431681816,1443,conf1,200,OK,conf1 1-9,text,false,"The operation lasted too long: It took 1,443 milliseconds, but should not have lasted longer than 930 milliseconds.",231,157,11,33,http://localhost:8083/?token=492552074&user=2129825963&config=1,1443,0,0
1727431682168,1118,conf2,200,OK,conf2 2-5,text,false,"The operation lasted too long: It took 1,118 milliseconds, but should not have lasted longer than 930 milliseconds.",231,157,11,33,http://localhost:8083/?token=492552074&user=2129825963&config=2,1118,0,0
1727431682168,1119,conf2,200,OK,conf2 2-8,text,false,"The operation lasted too long: It took 1,119 milliseconds, but should not have lasted longer than 930 milliseconds.",231,157,11,33,http://localhost:8083/?token=492552074&user=2129825963&config=2,1119,0,0
1727431682168,1119,conf2,200,OK,conf2 2-4,text,false,"The operation lasted too long: It took 1,119 milliseconds, but should not have lasted longer than 930 milliseconds.",231,157,11,33,http://localhost:8083/?token=492552074&user=2129825963&config=2,1119,0,0
1727431682168,1119,conf2,200,OK,conf2 2-7,text,false,"The operation lasted too long: It took 1,119 milliseconds, but should not have lasted longer than 930 milliseconds.",231,157,11,33,http://localhost:8083/?token=492552074&user=2129825963&config=2,1119,0,0
1727431682164,1122,conf2,200,OK,conf2 2-9,text,false,"The operation lasted too long: It took 1,122 milliseconds, but should not have lasted longer than 930 milliseconds.",231,157,11,33,http://localhost:8083/?token=492552074&user=2129825963&config=2,1122,0,0
1727431681847,1476,conf1,200,OK,conf1 1-1,text,false,"The operation lasted too long: It took 1,476 milliseconds, but should not have lasted longer than 930 milliseconds.",231,157,11,33,http://localhost:8083/?token=492552074&user=2129825963&config=1,1476,0,0
1727431682168,1159,conf2,200,OK,conf2 2-3,text,false,"The operation lasted too long: It took 1,159 milliseconds, but should not have lasted longer than 930 milliseconds.",231,157,11,33,http://localhost:8083/?token=492552074&user=2129825963&config=2,1159,0,0
1727431682168,1160,conf2,200,OK,conf2 2-2,text,false,"The operation lasted too long: It took 1,160 milliseconds, but should not have lasted longer than 930 milliseconds.",231,157,11,33,http://localhost:8083/?token=492552074&user=2129825963&config=2,1160,0,0
1727431682168,1160,conf2,200,OK,conf2 2-1,text,false,"The operation lasted too long: It took 1,160 milliseconds, but should not have lasted longer than 930 milliseconds.",231,157,11,33,http://localhost:8083/?token=492552074&user=2129825963&config=2,1160,0,0
1727431682168,1158,conf2,200,OK,conf2 2-11,text,false,"The operation lasted too long: It took 1,158 milliseconds, but should not have lasted longer than 930 milliseconds.",231,157,11,33,http://localhost:8083/?token=492552074&user=2129825963&config=2,1158,0,0
1727431681881,1458,conf1,200,OK,conf1 1-5,text,false,"The operation lasted too long: It took 1,458 milliseconds, but should not have lasted longer than 930 milliseconds.",231,157,11,33,http://localhost:8083/?token=492552074&user=2129825963&config=1,1458,0,0
1727431681884,1455,conf1,200,OK,conf1 1-11,text,false,"The operation lasted too long: It took 1,455 milliseconds, but should not have lasted longer than 930 milliseconds.",231,157,11,33,http://localhost:8083/?token=492552074&user=2129825963&config=1,1455,0,0
1727431681884,1454,conf1,200,OK,conf1 1-6,text,false,"The operation lasted too long: It took 1,454 milliseconds, but should not have lasted longer than 930 milliseconds.",231,157,11,33,http://localhost:8083/?token=492552074&user=2129825963&config=1,1454,0,0
1727431682168,1313,conf2,200,OK,conf2 2-6,text,false,"The operation lasted too long: It took 1,313 milliseconds, but should not have lasted longer than 930 milliseconds.",231,157,11,33,http://localhost:8083/?token=492552074&user=2129825963&config=2,1313,0,0
1727431682576,1113,conf2,200,OK,conf2 2-10,text,false,"The operation lasted too long: It took 1,113 milliseconds, but should not have lasted longer than 930 milliseconds.",231,157,11,33,http://localhost:8083/?token=492552074&user=2129825963&config=2,1113,0,0
1727431682576,1721,conf1,200,OK,conf1 1-7,text,false,"The operation lasted too long: It took 1,721 milliseconds, but should not have lasted longer than 930 milliseconds.",231,157,11,33,http://localhost:8083/?token=492552074&user=2129825963&config=1,1721,0,0
1727431683671,680,conf3,200,OK,conf3 3-6,text,true,,231,157,11,33,http://localhost:8083/?token=492552074&user=2129825963&config=3,680,0,0
1727431683671,723,conf3,200,OK,conf3 3-5,text,true,,231,157,11,33,http://localhost:8083/?token=492552074&user=2129825963&config=3,723,0,0
1727431683671,723,conf3,200,OK,conf3 3-1,text,true,,231,157,11,33,http://localhost:8083/?token=492552074&user=2129825963&config=3,723,0,0
1727431682849,1545,conf1,200,OK,conf1 1-2,text,false,"The operation lasted too long: It took 1,545 milliseconds, but should not have lasted longer than 930 milliseconds.",231,157,11,33,http://localhost:8083/?token=492552074&user=2129825963&config=1,1545,0,0
1727431683671,723,conf3,200,OK,conf3 3-7,text,true,,231,157,11,33,http://localhost:8083/?token=492552074&user=2129825963&config=3,723,0,0
1727431683672,745,conf3,200,OK,conf3 3-3,text,true,,231,157,11,33,http://localhost:8083/?token=492552074&user=2129825963&config=3,745,0,0
1727431683672,745,conf3,200,OK,conf3 3-8,text,true,,231,157,11,33,http://localhost:8083/?token=492552074&user=2129825963&config=3,745,0,0
1727431683672,745,conf3,200,OK,conf3 3-4,text,true,,231,157,11,33,http://localhost:8083/?token=492552074&user=2129825963&config=3,745,0,0
1727431683673,744,conf3,200,OK,conf3 3-11,text,true,,231,157,11,33,http://localhost:8083/?token=492552074&user=2129825963&config=3,744,0,0
1727431683672,745,conf3,200,OK,conf3 3-9,text,true,,231,157,11,33,http://localhost:8083/?token=492552074&user=2129825963&config=3,745,0,0
1727431683673,798,conf3,200,OK,conf3 3-10,text,true,,231,157,11,33,http://localhost:8083/?token=492552074&user=2129825963&config=3,798,0,0
1727431683672,799,conf3,200,OK,conf3 3-2,text,true,,231,157,11,33,http://localhost:8083/?token=492552074&user=2129825963&config=3,799,0,0
1727431683663,1134,conf2,200,OK,conf2 2-6,text,false,"The operation lasted too long: It took 1,134 milliseconds, but should not have lasted longer than 930 milliseconds.",231,157,11,33,http://localhost:8083/?token=492552074&user=2129825963&config=2,1134,0,0
1727431683667,1132,conf2,200,OK,conf2 2-5,text,false,"The operation lasted too long: It took 1,132 milliseconds, but should not have lasted longer than 930 milliseconds.",231,157,11,33,http://localhost:8083/?token=492552074&user=2129825963&config=2,1132,0,0
1727431683665,1133,conf2,200,OK,conf2 2-3,text,false,"The operation lasted too long: It took 1,133 milliseconds, but should not have lasted longer than 930 milliseconds.",231,157,11,33,http://localhost:8083/?token=492552074&user=2129825963&config=2,1133,0,0
1727431683666,1133,conf2,200,OK,conf2 2-8,text,false,"The operation lasted too long: It took 1,133 milliseconds, but should not have lasted longer than 930 milliseconds.",231,157,11,33,http://localhost:8083/?token=492552074&user=2129825963&config=2,1133,0,0
1727431683666,1134,conf2,200,OK,conf2 2-2,text,false,"The operation lasted too long: It took 1,134 milliseconds, but should not have lasted longer than 930 milliseconds.",231,157,11,33,http://localhost:8083/?token=492552074&user=2129825963&config=2,1134,0,0
1727431683666,1133,conf2,200,OK,conf2 2-4,text,false,"The operation lasted too long: It took 1,133 milliseconds, but should not have lasted longer than 930 milliseconds.",231,157,11,33,http://localhost:8083/?token=492552074&user=2129825963&config=2,1133,0,0
1727431683295,1530,conf1,200,OK,conf1 1-8,text,false,"The operation lasted too long: It took 1,530 milliseconds, but should not have lasted longer than 930 milliseconds.",231,157,11,33,http://localhost:8083/?token=492552074&user=2129825963&config=1,1530,0,0
1727431683669,1157,conf2,200,OK,conf2 2-9,text,false,"The operation lasted too long: It took 1,157 milliseconds, but should not have lasted longer than 930 milliseconds.",231,157,11,33,http://localhost:8083/?token=492552074&user=2129825963&config=2,1157,0,0
1727431683667,1159,conf2,200,OK,conf2 2-1,text,false,"The operation lasted too long: It took 1,159 milliseconds, but should not have lasted longer than 930 milliseconds.",231,157,11,33,http://localhost:8083/?token=492552074&user=2129825963&config=2,1159,0,0
1727431683667,1160,conf2,200,OK,conf2 2-7,text,false,"The operation lasted too long: It took 1,160 milliseconds, but should not have lasted longer than 930 milliseconds.",231,157,11,33,http://localhost:8083/?token=492552074&user=2129825963&config=2,1160,0,0
1727431683667,1158,conf2,200,OK,conf2 2-11,text,false,"The operation lasted too long: It took 1,158 milliseconds, but should not have lasted longer than 930 milliseconds.",231,157,11,33,http://localhost:8083/?token=492552074&user=2129825963&config=2,1158,0,0
1727431683384,1455,conf1,200,OK,conf1 1-6,text,false,"The operation lasted too long: It took 1,455 milliseconds, but should not have lasted longer than 930 milliseconds.",231,157,11,33,http://localhost:8083/?token=492552074&user=2129825963&config=1,1455,0,0
1727431683352,1487,conf1,200,OK,conf1 1-1,text,false,"The operation lasted too long: It took 1,487 milliseconds, but should not have lasted longer than 930 milliseconds.",231,157,11,33,http://localhost:8083/?token=492552074&user=2129825963&config=1,1487,0,0
1727431683295,1545,conf1,200,OK,conf1 1-10,text,false,"The operation lasted too long: It took 1,545 milliseconds, but should not have lasted longer than 930 milliseconds.",231,157,11,33,http://localhost:8083/?token=492552074&user=2129825963&config=1,1545,0,0
1727431683384,1456,conf1,200,OK,conf1 1-11,text,false,"The operation lasted too long: It took 1,456 milliseconds, but should not have lasted longer than 930 milliseconds.",231,157,11,33,http://localhost:8083/?token=492552074&user=2129825963&config=1,1456,0,0
1727431683381,1460,conf1,200,OK,conf1 1-5,text,false,"The operation lasted too long: It took 1,460 milliseconds, but should not have lasted longer than 930 milliseconds.",231,157,11,33,http://localhost:8083/?token=492552074&user=2129825963&config=1,1460,0,0
1727431683292,1587,conf1,200,OK,conf1 1-3,text,false,"The operation lasted too long: It took 1,587 milliseconds, but should not have lasted longer than 930 milliseconds.",231,157,11,33,http://localhost:8083/?token=492552074&user=2129825963&config=1,1587,0,0
1727431683317,1562,conf1,200,OK,conf1 1-9,text,false,"The operation lasted too long: It took 1,562 milliseconds, but should not have lasted longer than 930 milliseconds.",231,157,11,33,http://localhost:8083/?token=492552074&user=2129825963&config=1,1562,0,0
1727431683292,1587,conf1,200,OK,conf1 1-4,text,false,"The operation lasted too long: It took 1,587 milliseconds, but should not have lasted longer than 930 milliseconds.",231,157,11,33,http://localhost:8083/?token=492552074&user=2129825963&config=1,1587,0,0
1727431684077,1740,conf2,200,OK,conf2 2-10,text,false,"The operation lasted too long: It took 1,740 milliseconds, but should not have lasted longer than 930 milliseconds.",231,157,11,33,http://localhost:8083/?token=492552074&user=2129825963&config=2,1740,0,0
1727431685168,685,conf3,200,OK,conf3 3-5,text,true,,231,157,11,33,http://localhost:8083/?token=492552074&user=2129825963&config=3,685,0,0
1727431684299,1554,conf1,200,OK,conf1 1-7,text,false,"The operation lasted too long: It took 1,554 milliseconds, but should not have lasted longer than 930 milliseconds.",231,157,11,33,http://localhost:8083/?token=492552074&user=2129825963&config=1,1554,0,0
1727431685168,685,conf3,200,OK,conf3 3-6,text,true,,231,157,11,33,http://localhost:8083/?token=492552074&user=2129825963&config=3,685,0,0
1727431685168,685,conf3,200,OK,conf3 3-3,text,true,,231,157,11,33,http://localhost:8083/?token=492552074&user=2129825963&config=3,685,0,0
1727431685168,715,conf3,200,OK,conf3 3-4,text,true,,231,157,11,33,http://localhost:8083/?token=492552074&user=2129825963&config=3,715,0,0
1727431685168,715,conf3,200,OK,conf3 3-2,text,true,,231,157,11,33,http://localhost:8083/?token=492552074&user=2129825963&config=3,715,0,0
1727431684394,1489,conf1,200,OK,conf1 1-2,text,false,"The operation lasted too long: It took 1,489 milliseconds, but should not have lasted longer than 930 milliseconds.",231,157,11,33,http://localhost:8083/?token=492552074&user=2129825963&config=1,1489,0,0
1727431685173,710,conf3,200,OK,conf3 3-11,text,true,,231,157,11,33,http://localhost:8083/?token=492552074&user=2129825963&config=3,710,0,0
1727431685168,715,conf3,200,OK,conf3 3-8,text,true,,231,157,11,33,http://localhost:8083/?token=492552074&user=2129825963&config=3,715,0,0
1727431685169,746,conf3,200,OK,conf3 3-10,text,true,,231,157,11,33,http://localhost:8083/?token=492552074&user=2129825963&config=3,746,0,0
1727431685172,743,conf3,200,OK,conf3 3-7,text,true,,231,157,11,33,http://localhost:8083/?token=492552074&user=2129825963&config=3,743,0,0
1727431685172,743,conf3,200,OK,conf3 3-9,text,true,,231,157,11,33,http://localhost:8083/?token=492552074&user=2129825963&config=3,743,0,0
1727431685169,876,conf3,200,OK,conf3 3-1,text,true,,231,157,11,33,http://localhost:8083/?token=492552074&user=2129825963&config=3,876,0,0
1727431685164,1058,conf2,200,OK,conf2 2-7,text,false,"The operation lasted too long: It took 1,058 milliseconds, but should not have lasted longer than 930 milliseconds.",231,157,11,33,http://localhost:8083/?token=492552074&user=2129825963&config=2,1058,0,0
1727431685164,1080,conf2,200,OK,conf2 2-3,text,false,"The operation lasted too long: It took 1,080 milliseconds, but should not have lasted longer than 930 milliseconds.",231,157,11,33,http://localhost:8083/?token=492552074&user=2129825963&config=2,1080,0,0
1727431685165,1079,conf2,200,OK,conf2 2-11,text,false,"The operation lasted too long: It took 1,079 milliseconds, but should not have lasted longer than 930 milliseconds.",231,157,11,33,http://localhost:8083/?token=492552074&user=2129825963&config=2,1079,0,0
1727431685164,1081,conf2,200,OK,conf2 2-6,text,false,"The operation lasted too long: It took 1,081 milliseconds, but should not have lasted longer than 930 milliseconds.",231,157,11,33,http://localhost:8083/?token=492552074&user=2129825963&config=2,1081,0,0
1727431685166,1079,conf2,200,OK,conf2 2-9,text,false,"The operation lasted too long: It took 1,079 milliseconds, but should not have lasted longer than 930 milliseconds.",231,157,11,33,http://localhost:8083/?token=492552074&user=2129825963&config=2,1079,0,0
1727431685168,1077,conf2,200,OK,conf2 2-4,text,false,"The operation lasted too long: It took 1,077 milliseconds, but should not have lasted longer than 930 milliseconds.",231,157,11,33,http://localhost:8083/?token=492552074&user=2129825963&config=2,1077,0,0
1727431685168,1109,conf2,200,OK,conf2 2-5,text,false,"The operation lasted too long: It took 1,109 milliseconds, but should not have lasted longer than 930 milliseconds.",231,157,11,33,http://localhost:8083/?token=492552074&user=2129825963&config=2,1109,0,0
1727431685166,1112,conf2,200,OK,conf2 2-8,text,false,"The operation lasted too long: It took 1,112 milliseconds, but should not have lasted longer than 930 milliseconds.",231,157,11,33,http://localhost:8083/?token=492552074&user=2129825963&config=2,1112,0,0
1727431685168,1111,conf2,200,OK,conf2 2-2,text,false,"The operation lasted too long: It took 1,111 milliseconds, but should not have lasted longer than 930 milliseconds.",231,157,11,33,http://localhost:8083/?token=492552074&user=2129825963&config=2,1111,0,0
1727431684826,1451,conf1,200,OK,conf1 1-8,text,false,"The operation lasted too long: It took 1,451 milliseconds, but should not have lasted longer than 930 milliseconds.",231,157,11,33,http://localhost:8083/?token=492552074&user=2129825963&config=1,1451,0,0
1727431685168,1111,conf2,200,OK,conf2 2-1,text,false,"The operation lasted too long: It took 1,111 milliseconds, but should not have lasted longer than 930 milliseconds.",231,157,11,33,http://localhost:8083/?token=492552074&user=2129825963&config=2,1111,0,0
1727431684847,1468,conf1,200,OK,conf1 1-1,text,false,"The operation lasted too long: It took 1,468 milliseconds, but should not have lasted longer than 930 milliseconds.",231,157,11,33,http://localhost:8083/?token=492552074&user=2129825963&config=1,1468,0,0
1727431684841,1475,conf1,200,OK,conf1 1-10,text,false,"The operation lasted too long: It took 1,475 milliseconds, but should not have lasted longer than 930 milliseconds.",231,157,11,33,http://localhost:8083/?token=492552074&user=2129825963&config=1,1475,0,0
1727431684879,1459,conf1,200,OK,conf1 1-9,text,false,"The operation lasted too long: It took 1,459 milliseconds, but should not have lasted longer than 930 milliseconds.",231,157,11,33,http://localhost:8083/?token=492552074&user=2129825963&config=1,1459,0,0
1727431684879,1459,conf1,200,OK,conf1 1-4,text,false,"The operation lasted too long: It took 1,459 milliseconds, but should not have lasted longer than 930 milliseconds.",231,157,11,33,http://localhost:8083/?token=492552074&user=2129825963&config=1,1459,0,0
1727431684884,1455,conf1,200,OK,conf1 1-5,text,false,"The operation lasted too long: It took 1,455 milliseconds, but should not have lasted longer than 930 milliseconds.",231,157,11,33,http://localhost:8083/?token=492552074&user=2129825963&config=1,1455,0,0
1727431684884,1455,conf1,200,OK,conf1 1-11,text,false,"The operation lasted too long: It took 1,455 milliseconds, but should not have lasted longer than 930 milliseconds.",231,157,11,33,http://localhost:8083/?token=492552074&user=2129825963&config=1,1455,0,0
1727431684879,1460,conf1,200,OK,conf1 1-3,text,false,"The operation lasted too long: It took 1,460 milliseconds, but should not have lasted longer than 930 milliseconds.",231,157,11,33,http://localhost:8083/?token=492552074&user=2129825963&config=1,1460,0,0
1727431684884,1500,conf1,200,OK,conf1 1-6,text,false,"The operation lasted too long: It took 1,500 milliseconds, but should not have lasted longer than 930 milliseconds.",231,157,11,33,http://localhost:8083/?token=492552074&user=2129825963&config=1,1499,0,0
1727431685819,1530,conf2,200,OK,conf2 2-10,text,false,"The operation lasted too long: It took 1,530 milliseconds, but should not have lasted longer than 930 milliseconds.",231,157,11,33,http://localhost:8083/?token=492552074&user=2129825963&config=2,1530,0,0
1727431686674,709,conf3,200,OK,conf3 3-5,text,true,,231,157,11,33,http://localhost:8083/?token=492552074&user=2129825963&config=3,709,0,0
1727431685854,1529,conf1,200,OK,conf1 1-7,text,false,"The operation lasted too long: It took 1,529 milliseconds, but should not have lasted longer than 930 milliseconds.",231,157,11,33,http://localhost:8083/?token=492552074&user=2129825963&config=1,1529,0,0
1727431686674,709,conf3,200,OK,conf3 3-6,text,true,,231,157,11,33,http://localhost:8083/?token=492552074&user=2129825963&config=3,709,0,0
1727431686674,738,conf3,200,OK,conf3 3-3,text,true,,231,157,11,33,http://localhost:8083/?token=492552074&user=2129825963&config=3,738,0,0
1727431686674,738,conf3,200,OK,conf3 3-4,text,true,,231,157,11,33,http://localhost:8083/?token=492552074&user=2129825963&config=3,738,0,0
1727431685896,1516,conf1,200,OK,conf1 1-2,text,false,"The operation lasted too long: It took 1,516 milliseconds, but should not have lasted longer than 930 milliseconds.",231,157,11,33,http://localhost:8083/?token=492552074&user=2129825963&config=1,1516,0,0
1727431686674,738,conf3,200,OK,conf3 3-9,text,true,,231,157,11,33,http://localhost:8083/?token=492552074&user=2129825963&config=3,738,0,0
1727431686674,738,conf3,200,OK,conf3 3-11,text,true,,231,157,11,33,http://localhost:8083/?token=492552074&user=2129825963&config=3,738,0,0
1727431686674,772,conf3,200,OK,conf3 3-1,text,true,,231,157,11,33,http://localhost:8083/?token=492552074&user=2129825963&config=3,772,0,0
1727431686674,772,conf3,200,OK,conf3 3-2,text,true,,231,157,11,33,http://localhost:8083/?token=492552074&user=2129825963&config=3,772,0,0
1727431686674,772,conf3,200,OK,conf3 3-8,text,true,,231,157,11,33,http://localhost:8083/?token=492552074&user=2129825963&config=3,772,0,0
1727431686674,772,conf3,200,OK,conf3 3-10,text,true,,231,157,11,33,http://localhost:8083/?token=492552074&user=2129825963&config=3,772,0,0
1727431686674,915,conf3,200,OK,conf3 3-7,text,true,,231,157,11,33,http://localhost:8083/?token=492552074&user=2129825963&config=3,915,0,0
1727431686667,1057,conf2,200,OK,conf2 2-3,text,false,"The operation lasted too long: It took 1,057 milliseconds, but should not have lasted longer than 930 milliseconds.",231,157,11,33,http://localhost:8083/?token=492552074&user=2129825963&config=2,1057,0,0
1727431686667,1095,conf2,200,OK,conf2 2-1,text,false,"The operation lasted too long: It took 1,095 milliseconds, but should not have lasted longer than 930 milliseconds.",231,157,11,33,http://localhost:8083/?token=492552074&user=2129825963&config=2,1095,0,0
1727431686331,1456,conf1,200,OK,conf1 1-8,text,false,"The operation lasted too long: It took 1,456 milliseconds, but should not have lasted longer than 930 milliseconds.",231,157,11,33,http://localhost:8083/?token=492552074&user=2129825963&config=1,1456,0,0
1727431686674,1113,conf2,200,OK,conf2 2-8,text,false,"The operation lasted too long: It took 1,113 milliseconds, but should not have lasted longer than 930 milliseconds.",231,157,11,33,http://localhost:8083/?token=492552074&user=2129825963&config=2,1113,0,0
1727431686344,1446,conf1,200,OK,conf1 1-10,text,false,"The operation lasted too long: It took 1,446 milliseconds, but should not have lasted longer than 930 milliseconds.",231,157,11,33,http://localhost:8083/?token=492552074&user=2129825963&config=1,1446,0,0
1727431686671,1119,conf2,200,OK,conf2 2-7,text,false,"The operation lasted too long: It took 1,119 milliseconds, but should not have lasted longer than 930 milliseconds.",231,157,11,33,http://localhost:8083/?token=492552074&user=2129825963&config=2,1119,0,0
1727431686671,1118,conf2,200,OK,conf2 2-4,text,false,"The operation lasted too long: It took 1,118 milliseconds, but should not have lasted longer than 930 milliseconds.",231,157,11,33,http://localhost:8083/?token=492552074&user=2129825963&config=2,1118,0,0
1727431686348,1469,conf1,200,OK,conf1 1-1,text,false,"The operation lasted too long: It took 1,469 milliseconds, but should not have lasted longer than 930 milliseconds.",231,157,11,33,http://localhost:8083/?token=492552074&user=2129825963&config=1,1469,0,0
1727431686674,1145,conf2,200,OK,conf2 2-9,text,false,"The operation lasted too long: It took 1,145 milliseconds, but should not have lasted longer than 930 milliseconds.",231,157,11,33,http://localhost:8083/?token=492552074&user=2129825963&config=2,1145,0,0
1727431686673,1147,conf2,200,OK,conf2 2-5,text,false,"The operation lasted too long: It took 1,147 milliseconds, but should not have lasted longer than 930 milliseconds.",231,157,11,33,http://localhost:8083/?token=492552074&user=2129825963&config=2,1147,0,0
1727431686670,1147,conf2,200,OK,conf2 2-6,text,false,"The operation lasted too long: It took 1,147 milliseconds, but should not have lasted longer than 930 milliseconds.",231,157,11,33,http://localhost:8083/?token=492552074&user=2129825963&config=2,1147,0,0
1727431686673,1147,conf2,200,OK,conf2 2-2,text,false,"The operation lasted too long: It took 1,147 milliseconds, but should not have lasted longer than 930 milliseconds.",231,157,11,33,http://localhost:8083/?token=492552074&user=2129825963&config=2,1147,0,0
1727431686383,1452,conf1,200,OK,conf1 1-9,text,false,"The operation lasted too long: It took 1,452 milliseconds, but should not have lasted longer than 930 milliseconds.",231,157,11,33,http://localhost:8083/?token=492552074&user=2129825963&config=1,1452,0,0
1727431686383,1453,conf1,200,OK,conf1 1-11,text,false,"The operation lasted too long: It took 1,453 milliseconds, but should not have lasted longer than 930 milliseconds.",231,157,11,33,http://localhost:8083/?token=492552074&user=2129825963&config=1,1453,0,0
1727431686382,1454,conf1,200,OK,conf1 1-5,text,false,"The operation lasted too long: It took 1,454 milliseconds, but should not have lasted longer than 930 milliseconds.",231,157,11,33,http://localhost:8083/?token=492552074&user=2129825963&config=1,1454,0,0
1727431686674,1161,conf2,200,OK,conf2 2-11,text,false,"The operation lasted too long: It took 1,161 milliseconds, but should not have lasted longer than 930 milliseconds.",231,157,11,33,http://localhost:8083/?token=492552074&user=2129825963&config=2,1161,0,0
1727431686383,1453,conf1,200,OK,conf1 1-3,text,false,"The operation lasted too long: It took 1,453 milliseconds, but should not have lasted longer than 930 milliseconds.",231,157,11,33,http://localhost:8083/?token=492552074&user=2129825963&config=1,1453,0,0
1727431686385,1491,conf1,200,OK,conf1 1-4,text,false,"The operation lasted too long: It took 1,491 milliseconds, but should not have lasted longer than 930 milliseconds.",231,157,11,33,http://localhost:8083/?token=492552074&user=2129825963&config=1,1491,0,0
1727431686384,1492,conf1,200,OK,conf1 1-6,text,false,"The operation lasted too long: It took 1,492 milliseconds, but should not have lasted longer than 930 milliseconds.",231,157,11,33,http://localhost:8083/?token=492552074&user=2129825963&config=1,1492,0,0
1727431687350,1094,conf2,200,OK,conf2 2-10,text,false,"The operation lasted too long: It took 1,094 milliseconds, but should not have lasted longer than 930 milliseconds.",231,157,11,33,http://localhost:8083/?token=492552074&user=2129825963&config=2,1094,0,0
1727431687383,1495,conf1,200,OK,conf1 1-7,text,false,"The operation lasted too long: It took 1,495 milliseconds, but should not have lasted longer than 930 milliseconds.",231,157,11,33,http://localhost:8083/?token=492552074&user=2129825963&config=1,1495,0,0
1727431687412,1503,conf1,200,OK,conf1 1-2,text,false,"The operation lasted too long: It took 1,503 milliseconds, but should not have lasted longer than 930 milliseconds.",231,157,11,33,http://localhost:8083/?token=492552074&user=2129825963&config=1,1503,0,0
1727431688170,757,conf3,200,OK,conf3 3-7,text,true,,231,157,11,33,http://localhost:8083/?token=492552074&user=2129825963&config=3,757,0,1
1727431688170,783,conf3,200,OK,conf3 3-10,text,true,,231,157,11,33,http://localhost:8083/?token=492552074&user=2129825963&config=3,783,0,1
1727431688170,783,conf3,200,OK,conf3 3-4,text,true,,231,157,11,33,http://localhost:8083/?token=492552074&user=2129825963&config=3,783,0,1
1727431688171,783,conf3,200,OK,conf3 3-11,text,true,,231,157,11,33,http://localhost:8083/?token=492552074&user=2129825963&config=3,783,0,0
1727431688168,804,conf3,200,OK,conf3 3-8,text,true,,231,157,11,33,http://localhost:8083/?token=492552074&user=2129825963&config=3,804,0,1
1727431688170,802,conf3,200,OK,conf3 3-5,text,true,,231,157,11,33,http://localhost:8083/?token=492552074&user=2129825963&config=3,802,0,1
1727431688170,802,conf3,200,OK,conf3 3-3,text,true,,231,157,11,33,http://localhost:8083/?token=492552074&user=2129825963&config=3,802,0,1
1727431688170,802,conf3,200,OK,conf3 3-2,text,true,,231,157,11,33,http://localhost:8083/?token=492552074&user=2129825963&config=3,802,0,1
1727431688168,824,conf3,200,OK,conf3 3-1,text,true,,231,157,11,33,http://localhost:8083/?token=492552074&user=2129825963&config=3,824,0,1
1727431688171,821,conf3,200,OK,conf3 3-6,text,true,,231,157,11,33,http://localhost:8083/?token=492552074&user=2129825963&config=3,821,0,0
1727431688172,943,conf3,200,OK,conf3 3-9,text,false,"The operation lasted too long: It took 943 milliseconds, but should not have lasted longer than 930 milliseconds.",231,157,11,33,http://localhost:8083/?token=492552074&user=2129825963&config=3,943,0,2
1727431687833,1429,conf1,200,OK,conf1 1-8,text,false,"The operation lasted too long: It took 1,429 milliseconds, but should not have lasted longer than 930 milliseconds.",231,157,11,33,http://localhost:8083/?token=492552074&user=2129825963&config=1,1429,0,0
1727431687844,1453,conf1,200,OK,conf1 1-10,text,false,"The operation lasted too long: It took 1,453 milliseconds, but should not have lasted longer than 930 milliseconds.",231,157,11,33,http://localhost:8083/?token=492552074&user=2129825963&config=1,1453,0,0
1727431687850,1447,conf1,200,OK,conf1 1-1,text,false,"The operation lasted too long: It took 1,447 milliseconds, but should not have lasted longer than 930 milliseconds.",231,157,11,33,http://localhost:8083/?token=492552074&user=2129825963&config=1,1447,0,0
1727431687884,1447,conf1,200,OK,conf1 1-11,text,false,"The operation lasted too long: It took 1,447 milliseconds, but should not have lasted longer than 930 milliseconds.",231,157,11,33,http://localhost:8083/?token=492552074&user=2129825963&config=1,1447,0,0
1727431688163,1169,conf2,200,OK,conf2 2-6,text,false,"The operation lasted too long: It took 1,169 milliseconds, but should not have lasted longer than 930 milliseconds.",231,157,11,33,http://localhost:8083/?token=492552074&user=2129825963&config=2,1169,0,4
1727431688162,1170,conf2,200,OK,conf2 2-1,text,false,"The operation lasted too long: It took 1,170 milliseconds, but should not have lasted longer than 930 milliseconds.",231,157,11,33,http://localhost:8083/?token=492552074&user=2129825963&config=2,1170,0,6
1727431688168,1164,conf2,200,OK,conf2 2-8,text,false,"The operation lasted too long: It took 1,164 milliseconds, but should not have lasted longer than 930 milliseconds.",231,157,11,33,http://localhost:8083/?token=492552074&user=2129825963&config=2,1164,0,1
1727431688168,1164,conf2,200,OK,conf2 2-11,text,false,"The operation lasted too long: It took 1,164 milliseconds, but should not have lasted longer than 930 milliseconds.",231,157,11,33,http://localhost:8083/?token=492552074&user=2129825963&config=2,1164,0,1
1727431687884,1456,conf1,200,OK,conf1 1-5,text,false,"The operation lasted too long: It took 1,456 milliseconds, but should not have lasted longer than 930 milliseconds.",231,157,11,33,http://localhost:8083/?token=492552074&user=2129825963&config=1,1456,0,0
1727431687884,1457,conf1,200,OK,conf1 1-3,text,false,"The operation lasted too long: It took 1,457 milliseconds, but should not have lasted longer than 930 milliseconds.",231,157,11,33,http://localhost:8083/?token=492552074&user=2129825963&config=1,1457,0,0
1727431688168,1173,conf2,200,OK,conf2 2-4,text,false,"The operation lasted too long: It took 1,173 milliseconds, but should not have lasted longer than 930 milliseconds.",231,157,11,33,http://localhost:8083/?token=492552074&user=2129825963&config=2,1173,0,1
1727431688162,1179,conf2,200,OK,conf2 2-5,text,false,"The operation lasted too long: It took 1,179 milliseconds, but should not have lasted longer than 930 milliseconds.",231,157,11,33,http://localhost:8083/?token=492552074&user=2129825963&config=2,1179,0,6
1727431687884,1456,conf1,200,OK,conf1 1-9,text,false,"The operation lasted too long: It took 1,456 milliseconds, but should not have lasted longer than 930 milliseconds.",231,157,11,33,http://localhost:8083/?token=492552074&user=2129825963&config=1,1456,0,0
1727431688168,1186,conf2,200,OK,conf2 2-3,text,false,"The operation lasted too long: It took 1,186 milliseconds, but should not have lasted longer than 930 milliseconds.",231,157,11,33,http://localhost:8083/?token=492552074&user=2129825963&config=2,1186,0,1
1727431687887,1467,conf1,200,OK,conf1 1-4,text,false,"The operation lasted too long: It took 1,467 milliseconds, but should not have lasted longer than 930 milliseconds.",231,157,11,33,http://localhost:8083/?token=492552074&user=2129825963&config=1,1467,0,0
1727431688168,1186,conf2,200,OK,conf2 2-7,text,false,"The operation lasted too long: It took 1,186 milliseconds, but should not have lasted longer than 930 milliseconds.",231,157,11,33,http://localhost:8083/?token=492552074&user=2129825963&config=2,1186,0,0
1727431687887,1467,conf1,200,OK,conf1 1-6,text,false,"The operation lasted too long: It took 1,467 milliseconds, but should not have lasted longer than 930 milliseconds.",231,157,11,33,http://localhost:8083/?token=492552074&user=2129825963&config=1,1467,0,0
1727431688168,1187,conf2,200,OK,conf2 2-2,text,false,"The operation lasted too long: It took 1,187 milliseconds, but should not have lasted longer than 930 milliseconds.",231,157,11,33,http://localhost:8083/?token=492552074&user=2129825963&config=2,1186,0,1
1727431688168,1199,conf2,200,OK,conf2 2-9,text,false,"The operation lasted too long: It took 1,199 milliseconds, but should not have lasted longer than 930 milliseconds.",231,157,11,33,http://localhost:8083/?token=492552074&user=2129825963&config=2,1199,0,1
1727431688853,1255,conf2,200,OK,conf2 2-10,text,false,"The operation lasted too long: It took 1,255 milliseconds, but should not have lasted longer than 930 milliseconds.",231,157,11,33,http://localhost:8083/?token=492552074&user=2129825963&config=2,1255,0,2
1727431689669,693,conf3,200,OK,conf3 3-3,text,true,,231,157,11,33,http://localhost:8083/?token=492552074&user=2129825963&config=3,693,0,0
1727431689669,705,conf3,200,OK,conf3 3-1,text,true,,231,157,11,33,http://localhost:8083/?token=492552074&user=2129825963&config=3,705,0,0
1727431689669,706,conf3,200,OK,conf3 3-8,text,true,,231,157,11,33,http://localhost:8083/?token=492552074&user=2129825963&config=3,706,0,0
1727431689669,706,conf3,200,OK,conf3 3-10,text,true,,231,157,11,33,http://localhost:8083/?token=492552074&user=2129825963&config=3,706,0,0
1727431689670,705,conf3,200,OK,conf3 3-4,text,true,,231,157,11,33,http://localhost:8083/?token=492552074&user=2129825963&config=3,705,0,0
1727431689669,706,conf3,200,OK,conf3 3-11,text,true,,231,157,11,33,http://localhost:8083/?token=492552074&user=2129825963&config=3,706,0,0
1727431689671,768,conf3,200,OK,conf3 3-2,text,true,,231,157,11,33,http://localhost:8083/?token=492552074&user=2129825963&config=3,768,0,0
1727431689670,769,conf3,200,OK,conf3 3-5,text,true,,231,157,11,33,http://localhost:8083/?token=492552074&user=2129825963&config=3,769,0,0
1727431689670,769,conf3,200,OK,conf3 3-7,text,true,,231,157,11,33,http://localhost:8083/?token=492552074&user=2129825963&config=3,769,0,0
1727431689670,769,conf3,200,OK,conf3 3-9,text,true,,231,157,11,33,http://localhost:8083/?token=492552074&user=2129825963&config=3,769,0,0
1727431688915,1562,conf1,200,OK,conf1 1-2,text,false,"The operation lasted too long: It took 1,562 milliseconds, but should not have lasted longer than 930 milliseconds.",231,157,11,33,http://localhost:8083/?token=492552074&user=2129825963&config=1,1562,0,1
1727431688885,1592,conf1,200,OK,conf1 1-7,text,false,"The operation lasted too long: It took 1,592 milliseconds, but should not have lasted longer than 930 milliseconds.",231,157,11,33,http://localhost:8083/?token=492552074&user=2129825963&config=1,1592,0,1
1727431689671,1005,conf3,200,OK,conf3 3-6,text,false,"The operation lasted too long: It took 1,005 milliseconds, but should not have lasted longer than 930 milliseconds.",231,157,11,33,http://localhost:8083/?token=492552074&user=2129825963&config=3,1005,0,0
1727431689666,1056,conf2,200,OK,conf2 2-6,text,false,"The operation lasted too long: It took 1,056 milliseconds, but should not have lasted longer than 930 milliseconds.",231,157,11,33,http://localhost:8083/?token=492552074&user=2129825963&config=2,1056,0,0
1727431689668,1085,conf2,200,OK,conf2 2-1,text,false,"The operation lasted too long: It took 1,085 milliseconds, but should not have lasted longer than 930 milliseconds.",231,157,11,33,http://localhost:8083/?token=492552074&user=2129825963&config=2,1085,0,0
1727431689666,1087,conf2,200,OK,conf2 2-5,text,false,"The operation lasted too long: It took 1,087 milliseconds, but should not have lasted longer than 930 milliseconds.",231,157,11,33,http://localhost:8083/?token=492552074&user=2129825963&config=2,1087,0,0
1727431689669,1085,conf2,200,OK,conf2 2-7,text,false,"The operation lasted too long: It took 1,085 milliseconds, but should not have lasted longer than 930 milliseconds.",231,157,11,33,http://localhost:8083/?token=492552074&user=2129825963&config=2,1085,0,0
1727431689669,1085,conf2,200,OK,conf2 2-9,text,false,"The operation lasted too long: It took 1,085 milliseconds, but should not have lasted longer than 930 milliseconds.",231,157,11,33,http://localhost:8083/?token=492552074&user=2129825963&config=2,1085,0,0
1727431689668,1086,conf2,200,OK,conf2 2-8,text,false,"The operation lasted too long: It took 1,086 milliseconds, but should not have lasted longer than 930 milliseconds.",231,157,11,33,http://localhost:8083/?token=492552074&user=2129825963&config=2,1086,0,0
1727431689669,1169,conf2,200,OK,conf2 2-2,text,false,"The operation lasted too long: It took 1,169 milliseconds, but should not have lasted longer than 930 milliseconds.",231,157,11,33,http://localhost:8083/?token=492552074&user=2129825963&config=2,1169,0,0
1727431689330,1508,conf1,200,OK,conf1 1-8,text,false,"The operation lasted too long: It took 1,508 milliseconds, but should not have lasted longer than 930 milliseconds.",231,157,11,33,http://localhost:8083/?token=492552074&user=2129825963&config=1,1507,0,3
1727431689668,1171,conf2,200,OK,conf2 2-4,text,false,"The operation lasted too long: It took 1,171 milliseconds, but should not have lasted longer than 930 milliseconds.",231,157,11,33,http://localhost:8083/?token=492552074&user=2129825963&config=2,1171,0,0
1727431689668,1171,conf2,200,OK,conf2 2-11,text,false,"The operation lasted too long: It took 1,171 milliseconds, but should not have lasted longer than 930 milliseconds.",231,157,11,33,http://localhost:8083/?token=492552074&user=2129825963&config=2,1171,0,0
1727431689669,1169,conf2,200,OK,conf2 2-3,text,false,"The operation lasted too long: It took 1,169 milliseconds, but should not have lasted longer than 930 milliseconds.",231,157,11,33,http://localhost:8083/?token=492552074&user=2129825963&config=2,1168,0,0
1727431689351,1517,conf1,200,OK,conf1 1-1,text,false,"The operation lasted too long: It took 1,517 milliseconds, but should not have lasted longer than 930 milliseconds.",231,157,11,33,http://localhost:8083/?token=492552074&user=2129825963&config=1,1517,0,0
1727431689344,1524,conf1,200,OK,conf1 1-10,text,false,"The operation lasted too long: It took 1,524 milliseconds, but should not have lasted longer than 930 milliseconds.",231,157,11,33,http://localhost:8083/?token=492552074&user=2129825963&config=1,1524,0,1
1727431689381,1518,conf1,200,OK,conf1 1-5,text,false,"The operation lasted too long: It took 1,518 milliseconds, but should not have lasted longer than 930 milliseconds.",231,157,11,33,http://localhost:8083/?token=492552074&user=2129825963&config=1,1518,0,1
1727431689381,1550,conf1,200,OK,conf1 1-11,text,false,"The operation lasted too long: It took 1,550 milliseconds, but should not have lasted longer than 930 milliseconds.",231,157,11,33,http://localhost:8083/?token=492552074&user=2129825963&config=1,1550,0,1
1727431689392,1539,conf1,200,OK,conf1 1-6,text,false,"The operation lasted too long: It took 1,539 milliseconds, but should not have lasted longer than 930 milliseconds.",231,157,11,33,http://localhost:8083/?token=492552074&user=2129825963&config=1,1539,0,0
1727431689381,1550,conf1,200,OK,conf1 1-9,text,false,"The operation lasted too long: It took 1,550 milliseconds, but should not have lasted longer than 930 milliseconds.",231,157,11,33,http://localhost:8083/?token=492552074&user=2129825963&config=1,1550,0,1
1727431689389,1542,conf1,200,OK,conf1 1-4,text,false,"The operation lasted too long: It took 1,542 milliseconds, but should not have lasted longer than 930 milliseconds.",231,157,11,33,http://localhost:8083/?token=492552074&user=2129825963&config=1,1542,0,0
1727431689382,1549,conf1,200,OK,conf1 1-3,text,false,"The operation lasted too long: It took 1,549 milliseconds, but should not have lasted longer than 930 milliseconds.",231,157,11,33,http://localhost:8083/?token=492552074&user=2129825963&config=1,1549,0,1
1727431690355,1156,conf2,200,OK,conf2 2-10,text,false,"The operation lasted too long: It took 1,156 milliseconds, but should not have lasted longer than 930 milliseconds.",231,157,11,33,http://localhost:8083/?token=492552074&user=2129825963&config=2,1156,0,0
1727431690931,719,conf1,Non HTTP response code: java.net.SocketException,Non HTTP response message: Socket closed,conf1 1-4,text,false,,2667,0,11,33,http://localhost:8083/?token=492552074&user=2129825963&config=1,0,0,0
1727431690931,719,conf1,Non HTTP response code: java.net.SocketException,Non HTTP response message: Socket closed,conf1 1-6,text,false,,2667,0,11,33,http://localhost:8083/?token=492552074&user=2129825963&config=1,0,0,0
1727431690907,743,conf1,Non HTTP response code: java.net.SocketException,Non HTTP response message: Socket closed,conf1 1-5,text,false,,2667,0,11,33,http://localhost:8083/?token=492552074&user=2129825963&config=1,0,0,0
1727431690477,1173,conf1,Non HTTP response code: java.net.SocketException,Non HTTP response message: Socket closed,conf1 1-7,text,false,"The operation lasted too long: It took 1,173 milliseconds, but should not have lasted longer than 930 milliseconds.",2667,0,11,33,http://localhost:8083/?token=492552074&user=2129825963&config=1,0,0,0
1727431690931,719,conf1,Non HTTP response code: java.net.SocketException,Non HTTP response message: Socket closed,conf1 1-11,text,false,,2667,0,11,33,http://localhost:8083/?token=492552074&user=2129825963&config=1,0,0,0
1727431690839,812,conf1,Non HTTP response code: java.net.SocketException,Non HTTP response message: Socket closed,conf1 1-8,text,false,,2667,0,11,33,http://localhost:8083/?token=492552074&user=2129825963&config=1,0,0,0
1727431690477,1174,conf1,Non HTTP response code: java.net.SocketException,Non HTTP response message: Socket closed,conf1 1-2,text,false,"The operation lasted too long: It took 1,174 milliseconds, but should not have lasted longer than 930 milliseconds.",2667,0,7,29,http://localhost:8083/?token=492552074&user=2129825963&config=1,0,0,0
1727431690869,782,conf1,Non HTTP response code: java.net.SocketException,Non HTTP response message: Socket closed,conf1 1-1,text,false,,2667,0,4,26,http://localhost:8083/?token=492552074&user=2129825963&config=1,0,0,0
1727431690931,721,conf1,Non HTTP response code: java.net.SocketException,Non HTTP response message: Socket closed,conf1 1-9,text,false,,2667,0,3,25,http://localhost:8083/?token=492552074&user=2129825963&config=1,0,0,0
1727431690931,721,conf1,Non HTTP response code: java.net.SocketException,Non HTTP response message: Socket closed,conf1 1-3,text,false,,2667,0,3,25,http://localhost:8083/?token=492552074&user=2129825963&config=1,0,0,0
1727431690870,782,conf1,Non HTTP response code: java.net.SocketException,Non HTTP response message: Socket closed,conf1 1-10,text,false,,2667,0,1,23,http://localhost:8083/?token=492552074&user=2129825963&config=1,0,0,0
1727431691168,484,conf2,Non HTTP response code: java.net.SocketException,Non HTTP response message: Socket closed,conf2 2-2,text,false,,2667,0,11,22,http://localhost:8083/?token=492552074&user=2129825963&config=2,0,0,0
1727431691171,481,conf2,Non HTTP response code: java.net.SocketException,Non HTTP response message: Socket closed,conf2 2-8,text,false,,2667,0,11,22,http://localhost:8083/?token=492552074&user=2129825963&config=2,0,0,0
1727431691166,486,conf2,Non HTTP response code: java.net.SocketException,Non HTTP response message: Socket closed,conf2 2-7,text,false,,2667,0,10,21,http://localhost:8083/?token=492552074&user=2129825963&config=2,0,0,0
1727431691171,482,conf2,Non HTTP response code: java.net.SocketException,Non HTTP response message: Socket closed,conf2 2-9,text,false,,2667,0,8,19,http://localhost:8083/?token=492552074&user=2129825963&config=2,0,0,0
1727431691168,485,conf2,Non HTTP response code: java.net.SocketException,Non HTTP response message: Socket closed,conf2 2-6,text,false,,2667,0,7,18,http://localhost:8083/?token=492552074&user=2129825963&config=2,0,0,0
1727431691171,482,conf2,Non HTTP response code: java.net.SocketException,Non HTTP response message: Socket closed,conf2 2-3,text,false,,2667,0,5,16,http://localhost:8083/?token=492552074&user=2129825963&config=2,0,0,0
1727431691171,483,conf2,Non HTTP response code: java.net.SocketException,Non HTTP response message: Socket closed,conf2 2-5,text,false,,2667,0,5,16,http://localhost:8083/?token=492552074&user=2129825963&config=2,0,0,0
1727431691168,486,conf2,Non HTTP response code: java.net.SocketException,Non HTTP response message: Socket closed,conf2 2-4,text,false,,2667,0,3,14,http://localhost:8083/?token=492552074&user=2129825963&config=2,0,0,0
1727431691171,483,conf2,Non HTTP response code: java.net.SocketException,Non HTTP response message: Socket closed,conf2 2-11,text,false,,2667,0,3,14,http://localhost:8083/?token=492552074&user=2129825963&config=2,0,0,0
1727431691171,483,conf2,Non HTTP response code: java.net.SocketException,Non HTTP response message: Socket closed,conf2 2-1,text,false,,2667,0,2,13,http://localhost:8083/?token=492552074&user=2129825963&config=2,0,0,0
1727431691171,483,conf3,Non HTTP response code: java.net.SocketException,Non HTTP response message: Socket closed,conf3 3-7,text,false,,2667,0,11,11,http://localhost:8083/?token=492552074&user=2129825963&config=3,0,0,0
1727431691171,484,conf3,Non HTTP response code: java.net.SocketException,Non HTTP response message: Socket closed,conf3 3-2,text,false,,2667,0,11,11,http://localhost:8083/?token=492552074&user=2129825963&config=3,0,0,0
1727431691171,484,conf3,Non HTTP response code: java.net.SocketException,Non HTTP response message: Socket closed,conf3 3-5,text,false,,2667,0,10,10,http://localhost:8083/?token=492552074&user=2129825963&config=3,0,0,0
1727431691171,484,conf3,Non HTTP response code: java.net.SocketException,Non HTTP response message: Socket closed,conf3 3-11,text,false,,2667,0,8,8,http://localhost:8083/?token=492552074&user=2129825963&config=3,0,0,0
1727431691171,484,conf3,Non HTTP response code: java.net.SocketException,Non HTTP response message: Socket closed,conf3 3-1,text,false,,2667,0,8,8,http://localhost:8083/?token=492552074&user=2129825963&config=3,0,0,0
1727431691171,484,conf3,Non HTTP response code: java.net.SocketException,Non HTTP response message: Socket closed,conf3 3-6,text,false,,2667,0,7,7,http://localhost:8083/?token=492552074&user=2129825963&config=3,0,0,0
1727431691171,484,conf3,Non HTTP response code: java.net.SocketException,Non HTTP response message: Socket closed,conf3 3-8,text,false,,2667,0,5,5,http://localhost:8083/?token=492552074&user=2129825963&config=3,0,0,0
1727431691171,484,conf3,Non HTTP response code: java.net.SocketException,Non HTTP response message: Socket closed,conf3 3-4,text,false,,2667,0,5,5,http://localhost:8083/?token=492552074&user=2129825963&config=3,0,0,0
1727431691171,485,conf3,Non HTTP response code: java.net.SocketException,Non HTTP response message: Socket closed,conf3 3-3,text,false,,2667,0,4,4,http://localhost:8083/?token=492552074&user=2129825963&config=3,0,0,0
1727431691171,485,conf3,Non HTTP response code: java.net.SocketException,Non HTTP response message: Socket closed,conf3 3-9,text,false,,2667,0,3,3,http://localhost:8083/?token=492552074&user=2129825963&config=3,0,0,0
1727431691171,485,conf3,Non HTTP response code: java.net.SocketException,Non HTTP response message: Socket closed,conf3 3-10,text,false,,2667,0,1,1,http://localhost:8083/?token=492552074&user=2129825963&config=3,0,0,0
